9 0.915625 0.434722 0.915625 0.4375 0.916406 0.438889 0.916406 0.440278 0.917188 0.440278 0.917969 0.441667 0.917969 0.444444 0.917188 0.445833 0.916406 0.445833 0.915625 0.444444 0.915625 0.443056 0.915625 0.444444 0.916406 0.445833 0.917188 0.445833 0.917969 0.444444 0.91875 0.444444 0.91875 0.443056 0.917188 0.440278 0.917188 0.438889 0.917969 0.4375 0.920312 0.441667 0.920312 0.440278 0.919531 0.438889 0.919531 0.4375 0.920312 0.436111 0.920312 0.434722 0.917969 0.434722 0.917188 0.436111 0.916406 0.434722
82 0.851562 0.434722 0.850781 0.436111 0.850781 0.4375 0.851562 0.4375 0.850781 0.436111
9 0.629688 0.438889 0.629688 0.451389 0.630469 0.451389 0.63125 0.452778 0.63125 0.455556 0.632031 0.456944 0.632031 0.458333 0.63125 0.459722 0.63125 0.4625 0.632031 0.463889 0.635938 0.463889 0.635938 0.438889 0.629688 0.438889 0.628125 0.438889 0.628125 0.440278 0.626562 0.440278 0.626562 0.438889 0.571094 0.438889 0.570312 0.440278 0.569531 0.440278 0.56875 0.438889 0.567969 0.438889 0.567969 0.420833 0.530469 0.420833 0.529688 0.419444 0.528906 0.419444 0.528125 0.420833 0.527344 0.420833 0.527344 0.438889 0.528125 0.438889 0.528906 0.440278 0.529688 0.440278 0.530469 0.438889 0.530469 0.420833 0.567969 0.420833 0.56875 0.420833 0.569531 0.419444 0.570312 0.419444 0.571094 0.420833 0.571094 0.438889 0.626562 0.438889 0.628125 0.438889
82 0.549219 0.431944 0.535938 0.431944 0.535938 0.434722 0.548438 0.434722 0.549219 0.433333 0.549219 0.431944 0.586719 0.430556 0.548438 0.429167 0.624219 0.422222 0.626562 0.422222 0.627344 0.420833 0.628125 0.422222 0.630469 0.422222 0.630469 0.415278 0.625 0.415278 0.624219 0.416667 0.624219 0.422222 0.548438 0.429167 0.542969 0.429167 0.542188 0.427778 0.541406 0.429167 0.536719 0.429167 0.548438 0.429167 0.586719 0.430556 0.586719 0.434722 0.5875 0.434722 0.588281 0.433333 0.588281 0.429167 0.5875 0.427778 0.5875 0.429167 0.586719 0.430556
9 0.371875 0.4625 0.371875 0.463889 0.372656 0.463889 0.371875 0.4625 0.373438 0.440278 0.373438 0.441667 0.370312 0.440278 0.428125 0.441667 0.428906 0.441667 0.429688 0.443056 0.430469 0.441667 0.43125 0.441667 0.470312 0.429167 0.470312 0.441667 0.470312 0.426389 0.467188 0.426389 0.43125 0.423611 0.430469 0.423611 0.429688 0.422222 0.428906 0.423611 0.428125 0.423611 0.428125 0.427778 0.43125 0.427778 0.43125 0.423611 0.467188 0.426389 0.467188 0.423611 0.467969 0.423611 0.46875 0.422222 0.469531 0.423611 0.470312 0.423611 0.470312 0.426389 0.470312 0.441667 0.469531 0.441667 0.46875 0.443056 0.467969 0.441667 0.467188 0.441667 0.467188 0.429167 0.470312 0.429167 0.43125 0.441667 0.43125 0.430556 0.428125 0.430556 0.428125 0.441667 0.370312 0.440278 0.364062 0.440278 0.364062 0.463889 0.370312 0.463889 0.370312 0.440278 0.373438 0.441667 0.372656 0.441667 0.371875 0.440278 0.373438 0.440278
82 0.371875 0.458333 0.371094 0.458333 0.371094 0.459722 0.371875 0.461111 0.372656 0.461111 0.371875 0.459722 0.371875 0.458333 0.373438 0.456944 0.378906 0.456944 0.378906 0.455556 0.404688 0.436111 0.417188 0.436111 0.457031 0.436111 0.457812 0.436111 0.457812 0.431944 0.457031 0.430556 0.457031 0.429167 0.457031 0.436111 0.417188 0.436111 0.417188 0.433333 0.404688 0.433333 0.404688 0.436111 0.378906 0.455556 0.373438 0.455556 0.373438 0.456944
9 0.399219 0.454167 0.4 0.454167 0.400781 0.455556 0.400781 0.469444 0.4 0.470833 0.399219 0.470833 0.4 0.470833 0.400781 0.472222 0.400781 0.469444 0.402344 0.466667 0.401562 0.466667 0.400781 0.465278 0.400781 0.463889 0.401562 0.4625 0.402344 0.4625 0.402344 0.461111 0.401562 0.461111 0.400781 0.459722 0.402344 0.456944 0.401562 0.456944 0.400781 0.455556 0.400781 0.454167 0.399219 0.454167 0.394531 0.45 0.394531 0.448611 0.396094 0.445833 0.395312 0.445833 0.394531 0.444444 0.394531 0.443056 0.395312 0.441667 0.396094 0.441667 0.396094 0.440278 0.395312 0.440278 0.394531 0.438889 0.394531 0.4375 0.395312 0.436111 0.396094 0.436111 0.396094 0.434722 0.394531 0.434722 0.39375 0.436111 0.392969 0.436111 0.392969 0.45 0.394531 0.45
82 0.399219 0.468056 0.399219 0.469444 0.4 0.469444 0.399219 0.468056 0.397656 0.444444 0.397656 0.445833 0.396875 0.445833 0.396094 0.444444 0.392188 0.444444 0.3875 0.444444 0.3875 0.445833 0.392188 0.445833 0.392188 0.444444 0.396094 0.444444 0.395312 0.444444 0.397656 0.444444
82 0.659375 0.469444 0.659375 0.490278 0.663281 0.490278 0.663281 0.469444 0.659375 0.469444 0.660156 0.466667 0.660938 0.465278 0.660938 0.440278 0.659375 0.440278 0.658594 0.441667 0.658594 0.466667 0.660156 0.466667
82 0.305469 0.475 0.301562 0.475 0.301562 0.495833 0.305469 0.495833 0.305469 0.475 0.305469 0.470833 0.305469 0.45 0.302344 0.45 0.302344 0.470833 0.305469 0.470833
82 0.0 0.395833 0.0 0.452778 0.004688 0.452778 0.005469 0.454167 0.007812 0.454167 0.008594 0.452778 0.008594 0.398611 0.007812 0.398611 0.007031 0.397222 0.002344 0.397222 0.001562 0.395833
2 0.199219 0.484722 0.199219 0.488889 0.198438 0.490278 0.167188 0.490278 0.166406 0.491667 0.15625 0.491667 0.155469 0.493056 0.149219 0.493056 0.148438 0.494444 0.146875 0.494444 0.14375 0.5 0.142969 0.5 0.141406 0.502778 0.140625 0.502778 0.136719 0.509722 0.135938 0.509722 0.132031 0.516667 0.130469 0.513889 0.128125 0.513889 0.127344 0.515278 0.125781 0.515278 0.125 0.516667 0.124219 0.516667 0.124219 0.522222 0.123438 0.523611 0.116406 0.523611 0.115625 0.525 0.111719 0.525 0.110938 0.526389 0.108594 0.526389 0.107812 0.527778 0.105469 0.527778 0.104688 0.529167 0.103125 0.529167 0.102344 0.530556 0.101562 0.530556 0.099219 0.534722 0.098438 0.534722 0.096094 0.538889 0.095312 0.538889 0.092188 0.544444 0.092188 0.545833 0.091406 0.547222 0.091406 0.548611 0.090625 0.55 0.090625 0.552778 0.089844 0.554167 0.089844 0.556944 0.089062 0.558333 0.089062 0.5625 0.088281 0.563889 0.088281 0.570833 0.0875 0.572222 0.0875 0.576389 0.088281 0.577778 0.088281 0.5875 0.089062 0.5875 0.089844 0.588889 0.094531 0.588889 0.096875 0.593056 0.097656 0.593056 0.098438 0.594444 0.099219 0.594444 0.1 0.595833 0.100781 0.594444 0.101562 0.595833 0.102344 0.594444 0.107031 0.594444 0.107812 0.593056 0.113281 0.593056 0.114062 0.591667 0.115625 0.591667 0.117188 0.588889 0.139062 0.588889 0.139844 0.5875 0.145312 0.5875 0.146094 0.586111 0.146875 0.5875 0.147656 0.5875 0.148438 0.586111 0.158594 0.586111 0.159375 0.584722 0.161719 0.584722 0.166406 0.593056 0.178125 0.593056 0.178906 0.591667 0.179688 0.591667 0.182812 0.586111 0.182812 0.584722 0.183594 0.583333 0.183594 0.580556 0.184375 0.579167 0.185156 0.579167 0.185938 0.577778 0.190625 0.577778 0.191406 0.576389 0.195312 0.576389 0.196094 0.575 0.200781 0.575 0.201562 0.573611 0.20625 0.573611 0.207031 0.572222 0.210938 0.572222 0.211719 0.570833 0.215625 0.570833 0.216406 0.569444 0.220312 0.569444 0.221094 0.568056 0.221875 0.568056 0.222656 0.569444 0.222656 0.570833 0.223438 0.572222 0.223438 0.573611 0.225 0.576389 0.234375 0.576389 0.236719 0.572222 0.236719 0.570833 0.2375 0.569444 0.2375 0.566667 0.238281 0.565278 0.238281 0.548611 0.2375 0.547222 0.2375 0.5375 0.236719 0.536111 0.236719 0.530556 0.235938 0.529167 0.235938 0.526389 0.235156 0.525 0.235156 0.523611 0.233594 0.520833 0.233594 0.519444 0.232812 0.519444 0.23125 0.516667 0.230469 0.516667 0.229688 0.515278 0.228906 0.515278 0.226562 0.511111 0.226562 0.509722 0.21875 0.495833 0.219531 0.494444 0.220312 0.494444 0.216406 0.494444 0.215625 0.493056 0.208594 0.493056 0.207812 0.491667 0.200781 0.491667 0.199219 0.488889
82 0.373438 0.415278 0.373438 0.427778 0.375781 0.427778 0.375781 0.415278 0.373438 0.415278 0.371094 0.415278 0.36875 0.415278 0.36875 0.427778 0.371094 0.427778 0.371094 0.415278
82 0.553906 0.423611 0.553906 0.4375 0.558594 0.4375 0.558594 0.423611
82 0.436719 0.430556 0.436719 0.438889 0.441406 0.438889 0.441406 0.430556 0.436719 0.430556 0.436719 0.427778 0.441406 0.427778 0.441406 0.426389 0.436719 0.426389 0.436719 0.427778
2 0.467969 0.804167 0.467188 0.805556 0.449219 0.805556 0.448438 0.806944 0.432031 0.806944 0.43125 0.808333 0.41875 0.808333 0.417969 0.809722 0.40625 0.809722 0.405469 0.811111 0.394531 0.811111 0.39375 0.8125 0.384375 0.8125 0.383594 0.813889 0.374219 0.813889 0.373438 0.815278 0.36875 0.815278 0.367969 0.816667 0.365625 0.816667 0.364844 0.818056 0.3625 0.818056 0.361719 0.819444 0.359375 0.819444 0.358594 0.820833 0.357031 0.820833 0.35625 0.822222 0.354688 0.822222 0.353906 0.823611 0.353125 0.823611 0.352344 0.825 0.347656 0.825 0.346875 0.826389 0.339062 0.826389 0.338281 0.827778 0.330469 0.827778 0.329688 0.829167 0.321094 0.829167 0.320312 0.830556 0.311719 0.830556 0.310938 0.831944 0.300781 0.831944 0.3 0.833333 0.290625 0.833333 0.289844 0.834722 0.279688 0.834722 0.278906 0.836111 0.267969 0.836111 0.267188 0.8375 0.259375 0.8375 0.258594 0.838889 0.253906 0.838889 0.253125 0.840278 0.248438 0.840278 0.247656 0.841667 0.244531 0.841667 0.24375 0.843056 0.242188 0.843056 0.241406 0.844444 0.239062 0.844444 0.238281 0.845833 0.235938 0.845833 0.235156 0.847222 0.232812 0.847222 0.232031 0.848611 0.229688 0.848611 0.228906 0.85 0.226562 0.85 0.225781 0.851389 0.223438 0.851389 0.222656 0.852778 0.220312 0.852778 0.219531 0.854167 0.217188 0.854167 0.216406 0.855556 0.214844 0.855556 0.214062 0.856944 0.211719 0.856944 0.210938 0.858333 0.208594 0.858333 0.207812 0.859722 0.20625 0.859722 0.205469 0.861111 0.203125 0.861111 0.202344 0.8625 0.200781 0.8625 0.2 0.863889 0.197656 0.863889 0.196875 0.865278 0.195312 0.865278 0.194531 0.866667 0.192969 0.866667 0.192188 0.868056 0.190625 0.868056 0.189844 0.869444 0.188281 0.869444 0.1875 0.870833 0.185938 0.870833 0.185156 0.872222 0.184375 0.872222 0.183594 0.873611 0.182031 0.873611 0.18125 0.875 0.179688 0.875 0.178906 0.876389 0.177344 0.876389 0.176562 0.877778 0.175781 0.877778 0.175 0.879167 0.173438 0.879167 0.172656 0.880556 0.171875 0.880556 0.171094 0.881944 0.169531 0.881944 0.16875 0.883333 0.167969 0.883333 0.167188 0.884722 0.165625 0.884722 0.164844 0.886111 0.164062 0.886111 0.163281 0.8875 0.1625 0.8875 0.161719 0.888889 0.160156 0.888889 0.159375 0.890278 0.158594 0.890278 0.157812 0.891667 0.157031 0.891667 0.15625 0.893056 0.154688 0.893056 0.153906 0.894444 0.153125 0.894444 0.152344 0.895833 0.151562 0.895833 0.150781 0.897222 0.15 0.897222 0.149219 0.898611 0.148438 0.898611 0.147656 0.9 0.146875 0.9 0.146094 0.901389 0.145312 0.901389 0.144531 0.902778 0.142969 0.902778 0.142188 0.904167 0.141406 0.904167 0.140625 0.905556 0.139844 0.905556 0.139062 0.906944 0.138281 0.906944 0.1375 0.908333 0.136719 0.908333 0.135938 0.909722 0.135156 0.909722 0.134375 0.911111 0.133594 0.911111 0.132812 0.9125 0.132031 0.9125 0.13125 0.913889 0.130469 0.913889 0.129688 0.915278 0.128906 0.915278 0.128125 0.916667 0.127344 0.916667 0.126562 0.918056 0.125781 0.918056 0.125 0.919444 0.123438 0.919444 0.122656 0.920833 0.121875 0.920833 0.121094 0.922222 0.120312 0.922222 0.119531 0.923611 0.11875 0.923611 0.117969 0.925 0.117188 0.925 0.116406 0.926389 0.115625 0.926389 0.114844 0.927778 0.114062 0.927778 0.113281 0.929167 0.1125 0.929167 0.111719 0.930556 0.110938 0.930556 0.110156 0.931944 0.109375 0.931944 0.108594 0.933333 0.107812 0.933333 0.107031 0.934722 0.10625 0.934722 0.105469 0.936111 0.104688 0.936111 0.103906 0.9375 0.103125 0.9375 0.102344 0.938889 0.101562 0.938889 0.100781 0.940278 0.099219 0.940278 0.098438 0.941667 0.097656 0.941667 0.096875 0.943056 0.096094 0.943056 0.095312 0.944444 0.094531 0.944444 0.09375 0.945833 0.092969 0.945833 0.092188 0.947222 0.091406 0.947222 0.090625 0.948611 0.089844 0.948611 0.089062 0.95 0.088281 0.95 0.0875 0.951389 0.086719 0.951389 0.085938 0.952778 0.085156 0.952778 0.084375 0.954167 0.083594 0.954167 0.082812 0.955556 0.082031 0.955556 0.08125 0.956944 0.080469 0.956944 0.079688 0.958333 0.078906 0.958333 0.078125 0.959722 0.077344 0.959722 0.076562 0.961111 0.075781 0.961111 0.075 0.9625 0.074219 0.9625 0.073438 0.963889 0.072656 0.963889 0.071875 0.965278 0.071094 0.965278 0.070312 0.966667 0.069531 0.966667 0.06875 0.968056 0.067969 0.968056 0.067188 0.969444 0.066406 0.969444 0.065625 0.970833 0.064844 0.970833 0.064062 0.972222 0.063281 0.972222 0.0625 0.973611 0.061719 0.973611 0.060938 0.975 0.060156 0.975 0.059375 0.976389 0.058594 0.976389 0.057812 0.977778 0.057031 0.977778 0.05625 0.979167 0.055469 0.979167 0.054688 0.980556 0.053906 0.980556 0.053125 0.981944 0.052344 0.981944 0.051562 0.983333 0.050781 0.983333 0.05 0.984722 0.049219 0.984722 0.048438 0.986111 0.047656 0.986111 0.046875 0.9875 0.046094 0.9875 0.045312 0.988889 0.044531 0.988889 0.04375 0.990278 0.042969 0.990278 0.041406 0.993056 0.040625 0.993056 0.039844 0.994444 0.039062 0.994444 0.038281 0.995833 0.0375 0.995833 0.036719 0.997222 0.035938 0.997222 0.035156 0.998611 0.034375 0.998611 0.964844 0.998611 0.964062 0.998611 0.963281 0.997222 0.9625 0.997222 0.961719 0.995833 0.960938 0.995833 0.959375 0.993056 0.958594 0.993056 0.957812 0.991667 0.957031 0.991667 0.95625 0.990278 0.955469 0.990278 0.954688 0.988889 0.953906 0.988889 0.953125 0.9875 0.952344 0.9875 0.951562 0.986111 0.950781 0.986111 0.95 0.984722 0.949219 0.984722 0.948438 0.983333 0.947656 0.983333 0.946875 0.981944 0.946094 0.981944 0.945312 0.980556 0.944531 0.980556 0.94375 0.979167 0.942969 0.979167 0.942188 0.977778 0.941406 0.977778 0.940625 0.976389 0.939844 0.976389 0.939062 0.975 0.938281 0.975 0.9375 0.973611 0.936719 0.973611 0.935938 0.972222 0.935156 0.972222 0.934375 0.970833 0.933594 0.970833 0.932812 0.969444 0.932031 0.969444 0.93125 0.968056 0.930469 0.968056 0.929688 0.966667 0.928906 0.966667 0.928125 0.965278 0.927344 0.965278 0.926562 0.963889 0.925781 0.963889 0.925 0.9625 0.924219 0.9625 0.923438 0.961111 0.922656 0.961111 0.921875 0.959722 0.921094 0.959722 0.920312 0.958333 0.919531 0.958333 0.91875 0.956944 0.917969 0.956944 0.917188 0.955556 0.916406 0.955556 0.915625 0.954167 0.914844 0.954167 0.914062 0.952778 0.913281 0.952778 0.9125 0.951389 0.911719 0.951389 0.910938 0.95 0.910156 0.95 0.909375 0.948611 0.908594 0.948611 0.907812 0.947222 0.907031 0.947222 0.90625 0.945833 0.905469 0.945833 0.904688 0.944444 0.903906 0.944444 0.903125 0.943056 0.902344 0.943056 0.901562 0.941667 0.900781 0.941667 0.9 0.940278 0.898438 0.940278 0.897656 0.938889 0.896875 0.938889 0.896094 0.9375 0.895312 0.9375 0.894531 0.936111 0.89375 0.936111 0.892969 0.934722 0.892188 0.934722 0.891406 0.933333 0.890625 0.933333 0.889844 0.931944 0.889062 0.931944 0.888281 0.930556 0.8875 0.930556 0.886719 0.929167 0.885938 0.929167 0.885156 0.927778 0.884375 0.927778 0.883594 0.926389 0.882812 0.926389 0.882031 0.925 0.88125 0.925 0.880469 0.923611 0.879688 0.923611 0.878906 0.922222 0.878125 0.922222 0.877344 0.920833 0.876562 0.920833 0.875781 0.919444 0.875 0.919444 0.874219 0.918056 0.872656 0.918056 0.871875 0.916667 0.871094 0.916667 0.870312 0.915278 0.869531 0.915278 0.86875 0.913889 0.867969 0.913889 0.867188 0.9125 0.866406 0.9125 0.865625 0.911111 0.864844 0.911111 0.864062 0.909722 0.863281 0.909722 0.8625 0.908333 0.861719 0.908333 0.860938 0.906944 0.860156 0.906944 0.859375 0.905556 0.858594 0.905556 0.857812 0.904167 0.857031 0.904167 0.85625 0.902778 0.854688 0.902778 0.853906 0.901389 0.853125 0.901389 0.852344 0.9 0.851562 0.9 0.850781 0.898611 0.85 0.898611 0.849219 0.897222 0.848438 0.897222 0.847656 0.895833 0.846875 0.895833 0.846094 0.894444 0.845312 0.894444 0.844531 0.893056 0.842969 0.893056 0.842188 0.891667 0.841406 0.891667 0.840625 0.890278 0.839844 0.890278 0.839062 0.888889 0.8375 0.888889 0.836719 0.8875 0.835938 0.8875 0.835156 0.886111 0.834375 0.886111 0.833594 0.884722 0.832031 0.884722 0.83125 0.883333 0.830469 0.883333 0.829688 0.881944 0.828125 0.881944 0.827344 0.880556 0.826562 0.880556 0.825781 0.879167 0.824219 0.879167 0.823438 0.877778 0.822656 0.877778 0.821875 0.876389 0.820312 0.876389 0.819531 0.875 0.817969 0.875 0.817188 0.873611 0.815625 0.873611 0.814844 0.872222 0.814062 0.872222 0.813281 0.870833 0.811719 0.870833 0.810938 0.869444 0.809375 0.869444 0.808594 0.868056 0.807031 0.868056 0.80625 0.866667 0.804688 0.866667 0.803906 0.865278 0.802344 0.865278 0.801562 0.863889 0.799219 0.863889 0.798438 0.8625 0.796875 0.8625 0.796094 0.861111 0.79375 0.861111 0.792969 0.859722 0.791406 0.859722 0.790625 0.858333 0.788281 0.858333 0.7875 0.856944 0.785156 0.856944 0.784375 0.855556 0.782812 0.855556 0.782031 0.854167 0.779688 0.854167 0.778906 0.852778 0.776562 0.852778 0.775781 0.851389 0.773438 0.851389 0.772656 0.85 0.770312 0.85 0.769531 0.848611 0.767969 0.848611 0.767188 0.847222 0.764844 0.847222 0.764062 0.845833 0.761719 0.845833 0.760938 0.844444 0.758594 0.844444 0.757812 0.843056 0.754688 0.843056 0.753906 0.841667 0.750781 0.841667 0.75 0.840278 0.746094 0.840278 0.745312 0.838889 0.740625 0.838889 0.739844 0.8375 0.732031 0.8375 0.73125 0.836111 0.720312 0.836111 0.719531 0.834722 0.708594 0.834722 0.707812 0.833333 0.698438 0.833333 0.697656 0.831944 0.688281 0.831944 0.6875 0.830556 0.678906 0.830556 0.678125 0.829167 0.669531 0.829167 0.66875 0.827778 0.661719 0.827778 0.660938 0.826389 0.653125 0.826389 0.652344 0.825 0.647656 0.825 0.646875 0.823611 0.645312 0.823611 0.644531 0.822222 0.642969 0.822222 0.642188 0.820833 0.640625 0.820833 0.639844 0.819444 0.638281 0.819444 0.6375 0.818056 0.634375 0.818056 0.633594 0.816667 0.63125 0.816667 0.630469 0.815278 0.625781 0.815278 0.625 0.813889 0.615625 0.813889 0.614844 0.8125 0.605469 0.8125 0.604688 0.811111 0.59375 0.811111 0.592969 0.809722 0.58125 0.809722 0.580469 0.808333 0.567188 0.808333 0.566406 0.806944 0.551562 0.806944 0.550781 0.805556 0.533594 0.805556 0.532812 0.804167 0.514844 0.804167 0.514062 0.805556 0.513281 0.805556 0.5125 0.806944 0.510938 0.806944 0.510156 0.808333 0.504687 0.808333 0.503906 0.806944 0.49375 0.806944 0.492969 0.808333 0.489844 0.808333 0.489062 0.806944 0.486719 0.806944 0.485938 0.805556 0.485156 0.805556 0.484375 0.804167
0 0.2375 0.534722 0.2375 0.536111 0.238281 0.5375 0.238281 0.544444 0.239062 0.543056 0.239062 0.541667 0.238281 0.540278 0.238281 0.536111 0.2375 0.534722 0.236719 0.529167 0.241406 0.520833 0.242188 0.520833 0.242969 0.519444 0.242969 0.518056 0.242188 0.516667 0.242188 0.505556 0.241406 0.504167 0.241406 0.501389 0.240625 0.5 0.240625 0.498611 0.239062 0.495833 0.2375 0.495833 0.236719 0.494444 0.235938 0.494444 0.235156 0.493056 0.235156 0.491667 0.235938 0.490278 0.235938 0.4875 0.235156 0.486111 0.232812 0.486111 0.232812 0.4875 0.232031 0.488889 0.232031 0.491667 0.233594 0.494444 0.232812 0.495833 0.23125 0.495833 0.230469 0.497222 0.229688 0.497222 0.229688 0.504167 0.228906 0.505556 0.228906 0.509722 0.228125 0.511111 0.228125 0.5125 0.228906 0.513889 0.229688 0.513889 0.230469 0.515278 0.23125 0.515278 0.232812 0.518056 0.233594 0.518056 0.234375 0.519444 0.234375 0.520833 0.235938 0.523611 0.235938 0.525 0.236719 0.526389 0.236719 0.529167
2 0.499219 0.495833 0.499219 0.497222 0.498438 0.498611 0.490625 0.498611 0.489844 0.5 0.478125 0.5 0.477344 0.501389 0.471875 0.501389 0.471094 0.502778 0.466406 0.502778 0.465625 0.504167 0.461719 0.504167 0.460938 0.505556 0.45625 0.505556 0.455469 0.506944 0.454688 0.506944 0.453906 0.508333 0.453125 0.508333 0.451562 0.511111 0.450781 0.511111 0.448438 0.515278 0.447656 0.515278 0.442188 0.525 0.442188 0.526389 0.439844 0.530556 0.439844 0.531944 0.439062 0.533333 0.439062 0.534722 0.438281 0.536111 0.438281 0.5375 0.436719 0.540278 0.436719 0.541667 0.435156 0.544444 0.435156 0.545833 0.432812 0.55 0.432812 0.551389 0.432031 0.552778 0.432031 0.554167 0.43125 0.555556 0.43125 0.556944 0.429688 0.559722 0.429688 0.561111 0.428906 0.5625 0.428906 0.563889 0.426562 0.568056 0.425781 0.568056 0.425 0.569444 0.424219 0.569444 0.423438 0.570833 0.421875 0.570833 0.421094 0.572222 0.420312 0.572222 0.419531 0.573611 0.41875 0.573611 0.417188 0.576389 0.417188 0.577778 0.416406 0.579167 0.416406 0.583333 0.415625 0.584722 0.415625 0.591667 0.414844 0.593056 0.414844 0.6 0.414062 0.601389 0.414062 0.608333 0.413281 0.609722 0.413281 0.620833 0.4125 0.622222 0.4125 0.630556 0.411719 0.631944 0.411719 0.641667 0.410938 0.643056 0.410938 0.686111 0.411719 0.6875 0.411719 0.695833 0.4125 0.697222 0.4125 0.705556 0.413281 0.706944 0.413281 0.723611 0.414062 0.725 0.414062 0.736111 0.414844 0.7375 0.414844 0.741667 0.415625 0.743056 0.415625 0.745833 0.416406 0.747222 0.417969 0.747222 0.41875 0.745833 0.419531 0.747222 0.428125 0.747222 0.428906 0.745833 0.429688 0.747222 0.435938 0.747222 0.436719 0.745833 0.436719 0.744444 0.4375 0.743056 0.4375 0.740278 0.438281 0.738889 0.438281 0.7375 0.439062 0.736111 0.439062 0.734722 0.439844 0.733333 0.439844 0.729167 0.440625 0.727778 0.447656 0.727778 0.448438 0.729167 0.464844 0.729167 0.465625 0.730556 0.534375 0.730556 0.535156 0.729167 0.550781 0.729167 0.551562 0.727778 0.558594 0.727778 0.559375 0.729167 0.559375 0.730556 0.560156 0.731944 0.560156 0.736111 0.560938 0.7375 0.560938 0.738889 0.561719 0.740278 0.561719 0.741667 0.5625 0.743056 0.5625 0.745833 0.563281 0.747222 0.582812 0.747222 0.583594 0.745833 0.583594 0.744444 0.584375 0.743056 0.584375 0.740278 0.585156 0.738889 0.585156 0.731944 0.585938 0.730556 0.585938 0.706944 0.586719 0.705556 0.586719 0.697222 0.5875 0.695833 0.5875 0.6875 0.588281 0.686111 0.588281 0.641667 0.5875 0.640278 0.5875 0.631944 0.586719 0.630556 0.586719 0.622222 0.585938 0.620833 0.585938 0.609722 0.585156 0.608333 0.585156 0.601389 0.584375 0.6 0.584375 0.594444 0.583594 0.593056 0.583594 0.586111 0.582812 0.584722 0.582812 0.579167 0.582031 0.577778 0.582031 0.576389 0.580469 0.573611 0.579688 0.573611 0.578906 0.572222 0.578125 0.572222 0.577344 0.570833 0.575781 0.570833 0.575 0.569444 0.574219 0.569444 0.573438 0.568056 0.572656 0.568056 0.570312 0.563889 0.570312 0.5625 0.56875 0.559722 0.56875 0.558333 0.567969 0.556944 0.567969 0.555556 0.567188 0.554167 0.567188 0.552778 0.566406 0.551389 0.566406 0.55 0.564062 0.545833 0.564062 0.544444 0.561719 0.540278 0.561719 0.538889 0.560938 0.5375 0.560938 0.536111 0.560156 0.534722 0.560156 0.533333 0.559375 0.531944 0.559375 0.530556 0.557031 0.526389 0.557031 0.525 0.551562 0.515278 0.550781 0.515278 0.549219 0.5125 0.548438 0.5125 0.546875 0.509722 0.546094 0.509722 0.544531 0.506944 0.54375 0.506944 0.542969 0.505556 0.539062 0.505556 0.538281 0.504167 0.534375 0.504167 0.533594 0.502778 0.528125 0.502778 0.527344 0.501389 0.521875 0.501389 0.521094 0.5 0.509375 0.5 0.508594 0.498611 0.500781 0.498611 0.5 0.497222 0.5 0.495833
0 0.420312 0.505556 0.420312 0.513889 0.420312 0.508333 0.421094 0.506944 0.420312 0.505556 0.419531 0.502778 0.419531 0.501389 0.420312 0.5 0.420312 0.498611 0.419531 0.497222 0.420312 0.495833 0.41875 0.498611 0.41875 0.5 0.417969 0.501389 0.417969 0.502778 0.417969 0.501389 0.41875 0.5 0.419531 0.501389 0.419531 0.502778
0 0.722656 0.494444 0.722656 0.495833 0.721875 0.497222 0.721875 0.5 0.722656 0.501389 0.723438 0.501389 0.723438 0.494444
0 0.647656 0.509722 0.648438 0.511111 0.648438 0.518056 0.649219 0.518056 0.65 0.519444 0.65 0.518056 0.648438 0.515278 0.648438 0.5125 0.649219 0.511111 0.65 0.5125 0.650781 0.511111 0.65 0.509722
0 0.720312 0.498611 0.720312 0.526389 0.720312 0.520833 0.721094 0.519444 0.721094 0.509722 0.720312 0.508333 0.720312 0.506944 0.721094 0.505556 0.721094 0.501389 0.720312 0.5
0 0.685156 0.526389 0.684375 0.527778 0.683594 0.527778 0.683594 0.529167 0.685156 0.529167 0.685156 0.526389 0.683594 0.515278 0.684375 0.515278 0.685156 0.516667 0.685156 0.508333 0.685156 0.495833 0.684375 0.497222 0.684375 0.5 0.683594 0.501389 0.683594 0.504167 0.682812 0.505556 0.683594 0.506944 0.684375 0.506944 0.685156 0.508333 0.685156 0.516667 0.685156 0.519444 0.682812 0.515278 0.682812 0.513889 0.683594 0.515278
0 0.634375 0.508333 0.633594 0.509722 0.634375 0.511111 0.634375 0.5125 0.635156 0.513889 0.634375 0.5125 0.634375 0.511111 0.633594 0.509722
0 0.288281 0.4875 0.288281 0.490278 0.289062 0.491667 0.289062 0.493056 0.2875 0.495833 0.286719 0.495833 0.286719 0.498611 0.285938 0.5 0.285938 0.502778 0.284375 0.505556 0.284375 0.508333 0.285156 0.506944 0.285938 0.506944 0.285938 0.505556 0.286719 0.504167 0.286719 0.502778 0.2875 0.501389 0.288281 0.502778 0.288281 0.508333 0.2875 0.509722 0.2875 0.513889 0.288281 0.515278 0.288281 0.518056 0.289062 0.519444 0.289062 0.520833 0.288281 0.522222 0.288281 0.530556 0.286719 0.533333 0.2875 0.534722 0.289062 0.534722 0.289062 0.531944 0.290625 0.529167 0.291406 0.530556 0.291406 0.533333 0.292188 0.534722 0.291406 0.536111 0.292969 0.536111 0.292969 0.534722 0.29375 0.533333 0.292969 0.531944 0.292969 0.529167 0.292188 0.527778 0.292188 0.525 0.291406 0.523611 0.291406 0.518056 0.292188 0.516667 0.292188 0.515278 0.292969 0.513889 0.292969 0.5125 0.29375 0.511111 0.294531 0.5125 0.295312 0.5125 0.295312 0.509722 0.296094 0.508333 0.295312 0.506944 0.295312 0.502778 0.294531 0.501389 0.294531 0.498611 0.29375 0.497222 0.29375 0.495833 0.292188 0.495833 0.291406 0.494444 0.291406 0.4875
0 0.421875 0.495833 0.421875 0.497222 0.421094 0.498611 0.421094 0.5 0.420312 0.501389 0.420312 0.502778 0.421094 0.504167 0.421094 0.505556 0.421875 0.506944 0.421875 0.511111 0.421094 0.5125 0.421094 0.513889 0.421094 0.5125 0.421875 0.511111 0.422656 0.5125 0.422656 0.513889 0.422656 0.5125 0.421875 0.511111 0.421875 0.509722 0.422656 0.508333 0.422656 0.505556 0.423438 0.504167 0.423438 0.498611 0.422656 0.497222 0.422656 0.495833
2 0.671875 0.519444 0.670312 0.519444 0.670312 0.527778 0.670312 0.526389 0.671094 0.525 0.671094 0.520833 0.671875 0.519444 0.673438 0.515278 0.674219 0.516667 0.673438 0.516667 0.667969 0.513889 0.66875 0.513889 0.669531 0.515278 0.670312 0.515278 0.669531 0.515278 0.660938 0.515278 0.660156 0.515278 0.659375 0.516667 0.659375 0.520833 0.658594 0.522222 0.65625 0.522222 0.655469 0.523611 0.654688 0.523611 0.653906 0.525 0.653906 0.526389 0.649219 0.526389 0.649219 0.520833 0.648438 0.519444 0.649219 0.519444 0.65 0.520833 0.650781 0.519444 0.650781 0.518056 0.649219 0.515278 0.649219 0.5125 0.639062 0.516667 0.638281 0.518056 0.638281 0.5125 0.639062 0.513889 0.634375 0.513889 0.633594 0.5125 0.633594 0.511111 0.632812 0.511111 0.632031 0.509722 0.633594 0.5125 0.633594 0.513889 0.634375 0.513889 0.639062 0.513889 0.639844 0.5125 0.64375 0.5125 0.644531 0.511111 0.644531 0.509722 0.644531 0.511111 0.645312 0.5125 0.645312 0.515278 0.646094 0.516667 0.646875 0.516667 0.639062 0.516667 0.649219 0.5125 0.65 0.513889 0.651562 0.511111 0.650781 0.509722 0.651562 0.511111 0.658594 0.511111 0.659375 0.5125 0.660938 0.5125 0.660938 0.515278 0.669531 0.515278 0.66875 0.513889 0.667188 0.513889 0.667188 0.5125 0.667969 0.513889 0.673438 0.516667 0.672656 0.515278 0.671875 0.515278 0.673438 0.515278
2 0.535938 0.530556 0.535938 0.531944 0.536719 0.531944 0.535938 0.530556 0.535156 0.527778 0.530469 0.519444 0.530469 0.518056 0.527344 0.518056 0.526562 0.516667 0.522656 0.516667 0.521875 0.518056 0.520312 0.518056 0.51875 0.515278 0.521875 0.5 0.525 0.5 0.523438 0.497222 0.523438 0.494444 0.522656 0.493056 0.521875 0.493056 0.521094 0.491667 0.519531 0.491667 0.51875 0.490278 0.514062 0.490278 0.513281 0.488889 0.500781 0.488889 0.5 0.4875 0.499219 0.4875 0.498438 0.488889 0.486719 0.488889 0.485938 0.490278 0.480469 0.490278 0.479688 0.491667 0.478125 0.491667 0.477344 0.493056 0.476562 0.493056 0.476562 0.495833 0.475 0.498611 0.475 0.5 0.477344 0.5 0.478125 0.498611 0.480469 0.498611 0.48125 0.497222 0.498438 0.497222 0.498438 0.495833 0.499219 0.494444 0.5 0.494444 0.500781 0.495833 0.500781 0.497222 0.517969 0.497222 0.51875 0.498611 0.521094 0.498611 0.521875 0.5 0.51875 0.515278 0.509375 0.515278 0.507812 0.518056 0.507812 0.519444 0.507031 0.520833 0.500781 0.520833 0.5 0.522222 0.499219 0.522222 0.498438 0.520833 0.492188 0.520833 0.491406 0.519444 0.492188 0.518056 0.491406 0.518056 0.489844 0.515278 0.480469 0.515278 0.478906 0.518056 0.477344 0.518056 0.476562 0.519444 0.475781 0.518056 0.475781 0.516667 0.472656 0.516667 0.471875 0.518056 0.46875 0.518056 0.46875 0.519444 0.467969 0.520833 0.467969 0.522222 0.467188 0.523611 0.466406 0.523611 0.463281 0.529167 0.463281 0.530556 0.4625 0.531944 0.463281 0.531944 0.463281 0.529167 0.464844 0.526389 0.478906 0.526389 0.479688 0.527778 0.479688 0.529167 0.480469 0.530556 0.480469 0.533333 0.48125 0.534722 0.48125 0.543056 0.482031 0.544444 0.482031 0.545833 0.482812 0.547222 0.483594 0.547222 0.484375 0.545833 0.490625 0.545833 0.492188 0.543056 0.507031 0.543056 0.508594 0.545833 0.517188 0.545833 0.517969 0.547222 0.517969 0.534722 0.51875 0.533333 0.51875 0.530556 0.519531 0.529167 0.519531 0.527778 0.520312 0.526389 0.534375 0.526389 0.535156 0.527778
2 0.725781 0.501389 0.725 0.502778 0.722656 0.502778 0.721875 0.504167 0.722656 0.505556 0.722656 0.506944 0.721875 0.508333 0.721094 0.506944 0.721094 0.508333 0.721875 0.509722 0.721875 0.519444 0.721094 0.520833 0.721094 0.526389 0.721875 0.525 0.725781 0.525 0.726562 0.523611 0.727344 0.523611 0.727344 0.501389
2 0.45625 0.5 0.457812 0.5 0.458594 0.501389 0.459375 0.501389 0.460156 0.5
2 0.996094 0.333333 0.995312 0.334722 0.991406 0.334722 0.990625 0.336111 0.986719 0.336111 0.985938 0.3375 0.982812 0.3375 0.982031 0.338889 0.978125 0.338889 0.977344 0.340278 0.973438 0.340278 0.972656 0.341667 0.96875 0.341667 0.967969 0.343056 0.964062 0.343056 0.963281 0.344444 0.960156 0.344444 0.959375 0.345833 0.955469 0.345833 0.954688 0.347222 0.951562 0.347222 0.950781 0.348611 0.946875 0.348611 0.946094 0.35 0.942969 0.35 0.942188 0.351389 0.939062 0.351389 0.938281 0.352778 0.934375 0.352778 0.933594 0.354167 0.930469 0.354167 0.929688 0.355556 0.926562 0.355556 0.925781 0.356944 0.922656 0.356944 0.921875 0.358333 0.917969 0.358333 0.917188 0.359722 0.914062 0.359722 0.913281 0.361111 0.910156 0.361111 0.909375 0.3625 0.90625 0.3625 0.905469 0.363889 0.902344 0.363889 0.901562 0.365278 0.898438 0.365278 0.897656 0.366667 0.894531 0.366667 0.89375 0.368056 0.890625 0.368056 0.889844 0.369444 0.886719 0.369444 0.885938 0.370833 0.882812 0.370833 0.882031 0.372222 0.878906 0.372222 0.878125 0.373611 0.875781 0.373611 0.875 0.375 0.871875 0.375 0.871094 0.376389 0.867969 0.376389 0.867188 0.377778 0.864844 0.377778 0.864062 0.379167 0.860938 0.379167 0.860156 0.380556 0.857812 0.380556 0.857031 0.381944 0.853906 0.381944 0.853125 0.383333 0.850781 0.383333 0.85 0.384722 0.846875 0.384722 0.846094 0.386111 0.84375 0.386111 0.842969 0.3875 0.840625 0.3875 0.839844 0.388889 0.8375 0.388889 0.836719 0.390278 0.835156 0.390278 0.834375 0.391667 0.832812 0.391667 0.832031 0.393056 0.830469 0.393056 0.829688 0.394444 0.828906 0.394444 0.828125 0.395833 0.827344 0.395833 0.826562 0.397222 0.825781 0.397222 0.825 0.398611 0.824219 0.398611 0.823438 0.4 0.822656 0.4 0.821875 0.401389 0.821094 0.401389 0.819531 0.404167 0.81875 0.404167 0.817969 0.405556 0.817188 0.405556 0.816406 0.406944 0.814844 0.406944 0.814062 0.408333 0.811719 0.408333 0.810938 0.409722 0.809375 0.409722 0.808594 0.411111 0.80625 0.411111 0.805469 0.4125 0.803906 0.4125 0.803125 0.413889 0.801562 0.413889 0.800781 0.415278 0.8 0.415278 0.799219 0.416667 0.797656 0.416667 0.796875 0.418056 0.796094 0.418056 0.795312 0.419444 0.794531 0.419444 0.79375 0.420833 0.792969 0.420833 0.789844 0.426389 0.789062 0.426389 0.788281 0.427778 0.7875 0.427778 0.7875 0.429167 0.782031 0.438889 0.782031 0.440278 0.775781 0.451389 0.775781 0.452778 0.767969 0.466667 0.767969 0.468056 0.760156 0.481944 0.760156 0.483333 0.753125 0.495833 0.753125 0.497222 0.748438 0.505556 0.748438 0.506944 0.746875 0.509722 0.746875 0.511111 0.744531 0.515278 0.744531 0.516667 0.742969 0.519444 0.740625 0.519444 0.739844 0.520833 0.738281 0.520833 0.7375 0.522222 0.735156 0.522222 0.734375 0.523611 0.732031 0.523611 0.73125 0.525 0.726562 0.525 0.725781 0.526389 0.721875 0.526389 0.721094 0.527778 0.716406 0.527778 0.715625 0.529167 0.711719 0.529167 0.710938 0.530556 0.707812 0.530556 0.707031 0.531944 0.704688 0.531944 0.703906 0.533333 0.703125 0.533333 0.701562 0.536111 0.700781 0.536111 0.7 0.5375 0.7 0.538889 0.699219 0.540278 0.699219 0.541667 0.698438 0.543056 0.699219 0.544444 0.699219 0.547222 0.698438 0.548611 0.698438 0.552778 0.696875 0.555556 0.696094 0.555556 0.696094 0.556944 0.695312 0.558333 0.696094 0.559722 0.694531 0.5625 0.694531 0.563889 0.692969 0.566667 0.692969 0.568056 0.689844 0.573611 0.689844 0.575 0.689062 0.576389 0.689062 0.577778 0.688281 0.579167 0.688281 0.580556 0.6875 0.581944 0.6875 0.583333 0.686719 0.584722 0.686719 0.591667 0.685938 0.593056 0.685938 0.625 0.686719 0.626389 0.686719 0.638889 0.6875 0.640278 0.6875 0.643056 0.688281 0.644444 0.688281 0.645833 0.689062 0.647222 0.689062 0.648611 0.690625 0.651389 0.690625 0.670833 0.691406 0.672222 0.691406 0.680556 0.692188 0.681944 0.692188 0.6875 0.692969 0.688889 0.692969 0.691667 0.69375 0.693056 0.692969 0.694444 0.69375 0.695833 0.69375 0.698611 0.694531 0.7 0.694531 0.702778 0.695312 0.704167 0.695312 0.706944 0.696094 0.708333 0.696094 0.709722 0.696875 0.711111 0.696875 0.7125 0.697656 0.713889 0.697656 0.715278 0.698438 0.716667 0.698438 0.718056 0.699219 0.719444 0.699219 0.720833 0.703125 0.727778 0.703906 0.727778 0.705469 0.730556 0.70625 0.730556 0.707031 0.731944 0.707812 0.731944 0.708594 0.733333 0.709375 0.733333 0.710156 0.734722 0.734375 0.734722 0.735156 0.733333 0.736719 0.733333 0.741406 0.725 0.741406 0.723611 0.742188 0.722222 0.742188 0.720833 0.742969 0.719444 0.742969 0.718056 0.74375 0.716667 0.74375 0.713889 0.744531 0.7125 0.744531 0.709722 0.745312 0.708333 0.745312 0.705556 0.746094 0.704167 0.746875 0.705556 0.748438 0.705556 0.749219 0.706944 0.75 0.706944 0.750781 0.708333 0.751562 0.708333 0.752344 0.709722 0.753906 0.709722 0.754688 0.711111 0.755469 0.711111 0.75625 0.7125 0.757031 0.7125 0.757812 0.713889 0.759375 0.713889 0.760156 0.715278 0.760938 0.715278 0.761719 0.716667 0.7625 0.716667 0.763281 0.718056 0.764062 0.718056 0.764844 0.719444 0.766406 0.719444 0.767188 0.720833 0.767969 0.720833 0.76875 0.722222 0.769531 0.722222 0.770312 0.723611 0.771875 0.723611 0.772656 0.725 0.773438 0.725 0.774219 0.726389 0.775 0.726389 0.775781 0.727778 0.777344 0.727778 0.778125 0.729167 0.778906 0.729167 0.779688 0.730556 0.780469 0.730556 0.78125 0.731944 0.782812 0.731944 0.783594 0.733333 0.784375 0.733333 0.785156 0.734722 0.785938 0.734722 0.786719 0.736111 0.7875 0.736111 0.788281 0.7375 0.789844 0.7375 0.790625 0.738889 0.791406 0.738889 0.792188 0.740278 0.792969 0.740278 0.79375 0.741667 0.795312 0.741667 0.796094 0.743056 0.796875 0.743056 0.797656 0.744444 0.798438 0.744444 0.799219 0.745833 0.800781 0.745833 0.801562 0.747222 0.802344 0.747222 0.803125 0.748611 0.803906 0.748611 0.804688 0.75 0.80625 0.75 0.807031 0.751389 0.807812 0.751389 0.808594 0.752778 0.809375 0.752778 0.810156 0.754167 0.810938 0.754167 0.811719 0.755556 0.813281 0.755556 0.814062 0.756944 0.814844 0.756944 0.815625 0.758333 0.816406 0.758333 0.817188 0.759722 0.81875 0.759722 0.819531 0.761111 0.820312 0.761111 0.821094 0.7625 0.821875 0.7625 0.822656 0.763889 0.824219 0.763889 0.825 0.765278 0.825781 0.765278 0.826562 0.766667 0.827344 0.766667 0.828125 0.768056 0.828906 0.768056 0.829688 0.769444 0.83125 0.769444 0.832031 0.770833 0.832812 0.770833 0.833594 0.772222 0.834375 0.772222 0.835156 0.773611 0.836719 0.773611 0.8375 0.775 0.838281 0.775 0.839062 0.776389 0.839844 0.776389 0.840625 0.777778 0.842188 0.777778 0.842969 0.779167 0.84375 0.779167 0.844531 0.780556 0.845312 0.780556 0.846094 0.781944 0.847656 0.781944 0.848438 0.783333 0.849219 0.783333 0.85 0.784722 0.850781 0.784722 0.851562 0.786111 0.852344 0.786111 0.853125 0.7875 0.854688 0.7875 0.855469 0.788889 0.85625 0.788889 0.857031 0.790278 0.857812 0.790278 0.858594 0.791667 0.860156 0.791667 0.860938 0.793056 0.861719 0.793056 0.8625 0.794444 0.863281 0.794444 0.864062 0.795833 0.865625 0.795833 0.866406 0.797222 0.867188 0.797222 0.867969 0.798611 0.86875 0.798611 0.869531 0.8 0.870312 0.8 0.871094 0.801389 0.871875 0.801389 0.872656 0.802778 0.874219 0.802778 0.875 0.804167 0.875781 0.804167 0.876562 0.805556 0.878125 0.805556 0.878906 0.806944 0.879688 0.806944 0.880469 0.808333 0.882812 0.808333 0.883594 0.809722 0.8875 0.809722 0.888281 0.811111 0.890625 0.811111 0.891406 0.8125 0.891406 0.825 0.892188 0.826389 0.892188 0.836111 0.892969 0.8375 0.892969 0.844444 0.89375 0.845833 0.89375 0.85 0.894531 0.851389 0.894531 0.856944 0.895312 0.858333 0.895312 0.8625 0.896094 0.863889 0.896094 0.868056 0.896875 0.869444 0.896875 0.872222 0.897656 0.873611 0.897656 0.875 0.898438 0.876389 0.898438 0.880556 0.899219 0.881944 0.899219 0.883333 0.9 0.884722 0.9 0.886111 0.900781 0.886111 0.901562 0.8875 0.900781 0.888889 0.900781 0.890278 0.901562 0.891667 0.901562 0.894444 0.902344 0.895833 0.902344 0.897222 0.903125 0.898611 0.903906 0.898611 0.904688 0.9 0.903906 0.901389 0.903906 0.902778 0.904688 0.904167 0.904688 0.905556 0.905469 0.906944 0.905469 0.908333 0.90625 0.909722 0.90625 0.911111 0.907031 0.911111 0.907812 0.9125 0.907031 0.913889 0.907812 0.915278 0.907812 0.916667 0.908594 0.918056 0.908594 0.919444 0.909375 0.920833 0.909375 0.922222 0.910156 0.923611 0.910938 0.923611 0.911719 0.925 0.910938 0.926389 0.911719 0.927778 0.911719 0.929167 0.913281 0.931944 0.913281 0.933333 0.914062 0.934722 0.914062 0.936111 0.916406 0.940278 0.916406 0.941667 0.917969 0.944444 0.917969 0.945833 0.919531 0.948611 0.919531 0.95 0.922656 0.955556 0.922656 0.956944 0.925781 0.9625 0.926562 0.9625 0.927344 0.963889 0.928125 0.963889 0.928906 0.965278 0.929688 0.965278 0.930469 0.966667 0.93125 0.966667 0.932031 0.968056 0.932812 0.968056 0.933594 0.969444 0.934375 0.969444 0.935156 0.970833 0.935938 0.970833 0.936719 0.972222 0.9375 0.972222 0.938281 0.973611 0.939062 0.973611 0.939844 0.975 0.940625 0.975 0.941406 0.976389 0.942188 0.976389 0.942969 0.977778 0.94375 0.977778 0.944531 0.979167 0.945312 0.979167 0.946094 0.980556 0.946875 0.980556 0.947656 0.981944 0.948438 0.981944 0.949219 0.983333 0.95 0.983333 0.950781 0.984722 0.951562 0.984722 0.952344 0.986111 0.953125 0.986111 0.953906 0.9875 0.954688 0.9875 0.955469 0.988889 0.95625 0.988889 0.957031 0.990278 0.957812 0.990278 0.958594 0.991667 0.959375 0.991667 0.960938 0.994444 0.961719 0.994444 0.9625 0.995833 0.963281 0.995833 0.964062 0.997222 0.964844 0.997222 0.965625 0.998611 0.999219 0.998611 0.999219 0.444444 0.994531 0.444444 0.99375 0.445833 0.989062 0.445833 0.988281 0.447222 0.986719 0.447222 0.985938 0.448611 0.984375 0.448611 0.983594 0.45 0.982812 0.45 0.982031 0.451389 0.98125 0.451389 0.977344 0.458333 0.977344 0.459722 0.976562 0.461111 0.976562 0.463889 0.975781 0.465278 0.975781 0.470833 0.975 0.472222 0.975 0.495833 0.975781 0.497222 0.975781 0.498611 0.976562 0.5 0.977344 0.5 0.978125 0.501389 0.982031 0.501389 0.982812 0.502778 0.982031 0.504167 0.976562 0.504167 0.975781 0.505556 0.975 0.505556 0.974219 0.506944 0.969531 0.506944 0.96875 0.508333 0.9625 0.508333 0.961719 0.506944 0.961719 0.5 0.9625 0.498611 0.9625 0.493056 0.963281 0.491667 0.963281 0.484722 0.964062 0.483333 0.964062 0.476389 0.964844 0.475 0.964844 0.469444 0.965625 0.468056 0.965625 0.461111 0.966406 0.459722 0.966406 0.452778 0.967188 0.451389 0.967188 0.445833 0.967969 0.444444 0.967969 0.4375 0.96875 0.436111 0.96875 0.429167 0.970312 0.426389 0.974219 0.426389 0.975 0.425 0.980469 0.425 0.98125 0.423611 0.985938 0.423611 0.986719 0.422222 0.992188 0.422222 0.992969 0.420833 0.998438 0.420833 0.999219 0.419444 0.999219 0.343056 0.998438 0.344444 0.994531 0.344444 0.99375 0.345833 0.990625 0.345833 0.989844 0.347222 0.985938 0.347222 0.985156 0.348611 0.98125 0.348611 0.980469 0.35 0.977344 0.35 0.976562 0.351389 0.972656 0.351389 0.971875 0.352778 0.96875 0.352778 0.967969 0.354167 0.964062 0.354167 0.963281 0.355556 0.960156 0.355556 0.959375 0.356944 0.95625 0.356944 0.954688 0.354167 0.954688 0.352778 0.955469 0.351389 0.957812 0.351389 0.958594 0.35 0.9625 0.35 0.963281 0.348611 0.967188 0.348611 0.967969 0.347222 0.971875 0.347222 0.972656 0.345833 0.975781 0.345833 0.976562 0.344444 0.980469 0.344444 0.98125 0.343056 0.985156 0.343056 0.985938 0.341667 0.989844 0.341667 0.990625 0.340278 0.994531 0.340278 0.995312 0.338889 0.999219 0.338889 0.999219 0.333333
2 0.625 0.490278 0.624219 0.491667 0.623438 0.491667 0.623438 0.493056 0.622656 0.494444 0.621875 0.494444 0.621875 0.498611 0.624219 0.498611 0.625 0.5 0.625 0.501389 0.624219 0.502778 0.621094 0.502778 0.620312 0.504167 0.61875 0.504167 0.617969 0.505556 0.617188 0.505556 0.615625 0.508333 0.614844 0.508333 0.613281 0.511111 0.6125 0.511111 0.607812 0.519444 0.607031 0.518056 0.603906 0.518056 0.602344 0.515278 0.603906 0.5125 0.604688 0.5125 0.604688 0.506944 0.603906 0.505556 0.603906 0.504167 0.600781 0.504167 0.599219 0.506944 0.599219 0.511111 0.600781 0.513889 0.601562 0.513889 0.602344 0.515278 0.601562 0.516667 0.600781 0.516667 0.600781 0.518056 0.607031 0.518056 0.607812 0.519444 0.607812 0.520833 0.60625 0.523611 0.60625 0.525 0.604688 0.527778 0.604688 0.529167 0.603125 0.531944 0.601562 0.531944 0.600781 0.533333 0.597656 0.533333 0.596875 0.534722 0.595312 0.534722 0.595312 0.536111 0.594531 0.5375 0.594531 0.538889 0.59375 0.540278 0.59375 0.541667 0.592969 0.543056 0.592969 0.545833 0.592188 0.547222 0.592188 0.565278 0.591406 0.566667 0.591406 0.577778 0.592188 0.579167 0.592188 0.590278 0.592969 0.591667 0.592969 0.593056 0.59375 0.594444 0.59375 0.595833 0.602344 0.595833 0.602344 0.594444 0.603125 0.593056 0.603125 0.591667 0.603906 0.590278 0.604688 0.591667 0.605469 0.591667 0.60625 0.593056 0.607031 0.593056 0.607812 0.594444 0.608594 0.594444 0.609375 0.595833 0.610156 0.595833 0.610938 0.597222 0.611719 0.597222 0.6125 0.598611 0.614062 0.598611 0.614844 0.6 0.615625 0.6 0.617188 0.602778 0.617188 0.606944 0.617969 0.608333 0.617969 0.613889 0.61875 0.615278 0.61875 0.618056 0.619531 0.619444 0.619531 0.620833 0.621094 0.623611 0.63125 0.623611 0.632812 0.620833 0.632812 0.619444 0.633594 0.618056 0.633594 0.615278 0.634375 0.613889 0.634375 0.609722 0.635156 0.608333 0.635938 0.609722 0.650781 0.609722 0.651562 0.611111 0.685156 0.611111 0.685156 0.593056 0.685938 0.591667 0.685938 0.584722 0.686719 0.583333 0.686719 0.581944 0.6875 0.580556 0.6875 0.579167 0.688281 0.577778 0.688281 0.576389 0.689062 0.575 0.689062 0.573611 0.692188 0.568056 0.692188 0.566667 0.69375 0.563889 0.69375 0.5625 0.695312 0.559722 0.694531 0.558333 0.695312 0.556944 0.695312 0.555556 0.696094 0.554167 0.696875 0.554167 0.697656 0.552778 0.697656 0.548611 0.698438 0.547222 0.698438 0.544444 0.697656 0.543056 0.698438 0.541667 0.698438 0.540278 0.699219 0.538889 0.699219 0.5375 0.700781 0.534722 0.701562 0.534722 0.703125 0.531944 0.700781 0.527778 0.7 0.527778 0.697656 0.523611 0.696875 0.523611 0.695312 0.520833 0.694531 0.520833 0.692969 0.518056 0.692188 0.518056 0.690625 0.515278 0.689844 0.515278 0.688281 0.5125 0.6875 0.5125 0.685938 0.509722 0.685156 0.509722 0.684375 0.508333 0.683594 0.508333 0.682812 0.506944 0.682031 0.506944 0.68125 0.505556 0.679688 0.505556 0.678906 0.504167 0.675 0.504167 0.674219 0.502778 0.669531 0.502778 0.66875 0.501389 0.665625 0.501389 0.664844 0.5 0.665625 0.498611 0.667969 0.498611 0.667969 0.491667 0.667188 0.491667 0.666406 0.490278 0.665625 0.491667 0.664844 0.491667 0.664062 0.490278 0.663281 0.491667 0.657031 0.491667 0.65625 0.490278 0.655469 0.491667 0.651562 0.491667 0.650781 0.490278 0.65 0.491667 0.649219 0.491667 0.648438 0.490278 0.647656 0.491667 0.641406 0.491667 0.640625 0.490278 0.639844 0.491667 0.635156 0.491667 0.634375 0.490278 0.633594 0.491667 0.628906 0.491667 0.628125 0.490278 0.627344 0.491667 0.625781 0.491667
2 0.342188 0.516667 0.339844 0.516667 0.339062 0.515278 0.339062 0.513889 0.339844 0.5125 0.340625 0.5125 0.340625 0.511111 0.341406 0.509722 0.341406 0.506944 0.339844 0.504167 0.3375 0.504167 0.335938 0.506944 0.335938 0.511111 0.336719 0.5125 0.3375 0.5125 0.338281 0.513889 0.3375 0.515278 0.3375 0.516667 0.342188 0.516667 0.34375 0.518056 0.34375 0.519444 0.342188 0.522222 0.342188 0.523611 0.340625 0.526389 0.340625 0.527778 0.338281 0.531944 0.3375 0.531944 0.336719 0.533333 0.334375 0.533333 0.333594 0.534722 0.33125 0.534722 0.330469 0.536111 0.328906 0.536111 0.328125 0.5375 0.327344 0.5375 0.326562 0.538889 0.325781 0.538889 0.323438 0.543056 0.323438 0.545833 0.322656 0.547222 0.322656 0.548611 0.321875 0.55 0.321875 0.552778 0.321094 0.554167 0.321094 0.559722 0.320312 0.561111 0.320312 0.591667 0.321094 0.593056 0.321094 0.597222 0.321875 0.598611 0.321875 0.6 0.322656 0.601389 0.322656 0.602778 0.323438 0.604167 0.325 0.604167 0.325781 0.605556 0.326562 0.604167 0.327344 0.604167 0.328125 0.605556 0.33125 0.605556 0.332031 0.604167 0.333594 0.604167 0.335156 0.601389 0.335156 0.6 0.335938 0.598611 0.335938 0.595833 0.336719 0.594444 0.339844 0.594444 0.340625 0.593056 0.3625 0.593056 0.363281 0.594444 0.38125 0.594444 0.382031 0.593056 0.385938 0.593056 0.386719 0.594444 0.386719 0.598611 0.3875 0.6 0.3875 0.602778 0.388281 0.604167 0.397656 0.604167 0.397656 0.602778 0.398438 0.601389 0.398438 0.6 0.399219 0.598611 0.399219 0.591667 0.4 0.590278 0.4 0.5875 0.400781 0.586111 0.401562 0.586111 0.402344 0.584722 0.403125 0.584722 0.404688 0.581944 0.405469 0.581944 0.40625 0.580556 0.407031 0.580556 0.407812 0.579167 0.408594 0.579167 0.409375 0.580556 0.409375 0.581944 0.410156 0.583333 0.415625 0.583333 0.415625 0.579167 0.416406 0.577778 0.416406 0.576389 0.41875 0.572222 0.41875 0.5625 0.419531 0.561111 0.419531 0.541667 0.41875 0.540278 0.41875 0.530556 0.417969 0.529167 0.417969 0.525 0.417188 0.523611 0.416406 0.523611 0.415625 0.522222 0.414062 0.522222 0.4125 0.519444 0.4125 0.518056 0.407031 0.508333 0.40625 0.508333 0.405469 0.506944 0.405469 0.505556 0.404688 0.504167 0.402344 0.504167 0.401562 0.502778 0.397656 0.502778 0.396875 0.501389 0.394531 0.501389 0.39375 0.5 0.394531 0.498611 0.396875 0.498611 0.396875 0.493056 0.383594 0.493056 0.382812 0.491667 0.382031 0.493056 0.371875 0.493056 0.371094 0.491667 0.370312 0.493056 0.366406 0.493056 0.365625 0.491667 0.364844 0.493056 0.359375 0.493056 0.359375 0.494444 0.358594 0.495833 0.357812 0.495833 0.357812 0.498611 0.360156 0.498611 0.360938 0.5 0.360938 0.501389 0.360156 0.502778 0.35625 0.502778 0.355469 0.504167 0.354688 0.504167 0.353906 0.505556 0.353125 0.505556 0.352344 0.506944 0.351562 0.506944 0.35 0.509722 0.349219 0.509722 0.344531 0.518056 0.34375 0.518056
0 0.977344 0.501389 0.977344 0.502778 0.982031 0.502778 0.978125 0.502778
2 0.463281 0.520833 0.4625 0.522222 0.4625 0.523611 0.460938 0.526389 0.460938 0.527778 0.460156 0.529167 0.460156 0.531944 0.459375 0.533333 0.460156 0.531944 0.461719 0.531944 0.4625 0.530556 0.4625 0.529167 0.464062 0.526389 0.464062 0.520833 0.463281 0.520833 0.434375 0.504167 0.435938 0.506944 0.435938 0.508333 0.435156 0.509722 0.435156 0.511111 0.433594 0.513889 0.432812 0.513889 0.432031 0.515278 0.432031 0.516667 0.43125 0.518056 0.43125 0.522222 0.430469 0.523611 0.43125 0.525 0.43125 0.526389 0.430469 0.527778 0.430469 0.538889 0.43125 0.540278 0.434375 0.540278 0.434375 0.538889 0.435156 0.5375 0.435156 0.536111 0.435938 0.534722 0.436719 0.534722 0.4375 0.536111 0.4375 0.5375 0.4375 0.536111 0.438281 0.534722 0.438281 0.533333 0.439062 0.531944 0.439062 0.530556 0.441406 0.526389 0.441406 0.520833 0.442188 0.519444 0.442188 0.518056 0.440625 0.515278 0.440625 0.5125 0.441406 0.511111 0.44375 0.511111 0.444531 0.5125 0.444531 0.515278 0.445312 0.516667 0.445312 0.518056 0.447656 0.513889 0.448438 0.513889 0.450781 0.509722 0.451562 0.509722 0.453125 0.506944 0.453906 0.506944 0.454688 0.505556 0.455469 0.505556 0.45625 0.504167 0.460938 0.504167 0.460938 0.501389 0.460156 0.501389 0.459375 0.502778 0.458594 0.502778 0.457812 0.501389 0.45625 0.501389 0.455469 0.5 0.45625 0.498611 0.45625 0.497222 0.440625 0.497222 0.440625 0.498611 0.441406 0.5 0.440625 0.501389 0.439062 0.501389 0.435938 0.506944 0.434375 0.504167 0.434375 0.501389 0.433594 0.501389 0.432812 0.502778 0.432812 0.504167 0.434375 0.504167
0 0.441406 0.5125 0.441406 0.515278 0.442969 0.518056 0.442969 0.519444 0.442188 0.520833 0.442188 0.523611 0.444531 0.519444 0.444531 0.516667 0.44375 0.515278 0.44375 0.5125
2 0.442188 0.504167 0.446094 0.504167 0.446875 0.505556 0.446875 0.506944 0.448438 0.506944 0.449219 0.505556 0.451562 0.505556 0.452344 0.506944 0.452344 0.505556 0.453125 0.504167 0.45 0.504167 0.449219 0.502778 0.448438 0.502778 0.447656 0.504167 0.446094 0.504167 0.445312 0.502778 0.444531 0.504167 0.442188 0.504167 0.440625 0.5 0.439844 0.498611 0.439844 0.497222 0.441406 0.494444 0.442188 0.494444 0.442969 0.495833 0.44375 0.494444 0.449219 0.494444 0.45 0.495833 0.451562 0.495833 0.451562 0.494444 0.450781 0.493056 0.45 0.493056 0.449219 0.494444 0.448438 0.493056 0.439062 0.493056 0.438281 0.494444 0.4375 0.494444 0.4375 0.495833 0.436719 0.497222 0.436719 0.498611 0.435938 0.5 0.435938 0.501389 0.435156 0.502778 0.435156 0.504167 0.433594 0.506944 0.433594 0.5125 0.434375 0.511111 0.434375 0.509722 0.435156 0.508333 0.435156 0.506944 0.439062 0.5 0.440625 0.5
0 0.684375 0.519444 0.684375 0.526389 0.685156 0.525 0.685156 0.520833 0.684375 0.519444 0.682031 0.516667 0.682031 0.513889 0.68125 0.5125 0.682031 0.505556 0.682812 0.504167 0.682812 0.501389 0.683594 0.5 0.683594 0.497222 0.684375 0.495833 0.683594 0.494444 0.683594 0.488889 0.684375 0.4875 0.682031 0.4875 0.68125 0.488889 0.68125 0.491667 0.682031 0.493056 0.680469 0.495833 0.679688 0.495833 0.678906 0.497222 0.678906 0.5 0.678125 0.501389 0.678125 0.502778 0.678906 0.502778 0.679688 0.504167 0.68125 0.504167 0.682031 0.505556 0.68125 0.5125 0.679688 0.5125 0.679688 0.516667 0.682031 0.516667
0 0.407031 0.516667 0.40625 0.516667 0.407031 0.518056 0.407031 0.516667 0.411719 0.513889 0.411719 0.5125 0.410938 0.511111 0.410938 0.506944 0.411719 0.505556 0.411719 0.5 0.410938 0.498611 0.410938 0.497222 0.411719 0.495833 0.4125 0.495833 0.411719 0.494444 0.4125 0.493056 0.411719 0.491667 0.411719 0.490278 0.409375 0.490278 0.409375 0.495833 0.407812 0.498611 0.407812 0.508333 0.413281 0.518056 0.413281 0.516667 0.411719 0.513889
81 0.246875 0.555556 0.246875 0.554167 0.239844 0.554167 0.239062 0.555556 0.239062 0.559722 0.097656 0.594444 0.096875 0.594444 0.094531 0.590278 0.089844 0.590278 0.089062 0.588889 0.088281 0.588889 0.0875 0.5875 0.0875 0.586111 0.086719 0.5875 0.08125 0.5875 0.080469 0.588889 0.074219 0.588889 0.073438 0.590278 0.067969 0.590278 0.067188 0.591667 0.061719 0.591667 0.060938 0.593056 0.054688 0.593056 0.053906 0.594444 0.048438 0.594444 0.047656 0.595833 0.041406 0.595833 0.040625 0.597222 0.035156 0.597222 0.034375 0.598611 0.028125 0.598611 0.027344 0.6 0.021875 0.6 0.021094 0.601389 0.015625 0.601389 0.014844 0.602778 0.008594 0.602778 0.007812 0.604167 0.002344 0.604167 0.001562 0.605556 0.0 0.605556 0.0 0.616667 0.003906 0.616667 0.004688 0.615278 0.009375 0.615278 0.010156 0.613889 0.015625 0.613889 0.016406 0.6125 0.021094 0.6125 0.021875 0.611111 0.027344 0.611111 0.028125 0.609722 0.032812 0.609722 0.033594 0.608333 0.039062 0.608333 0.039844 0.606944 0.044531 0.606944 0.045312 0.605556 0.050781 0.605556 0.051562 0.604167 0.05625 0.604167 0.057031 0.602778 0.0625 0.602778 0.063281 0.601389 0.067969 0.601389 0.06875 0.6 0.074219 0.6 0.075 0.598611 0.079688 0.598611 0.080469 0.597222 0.085938 0.597222 0.086719 0.595833 0.091406 0.595833 0.092188 0.594444 0.097656 0.594444 0.239062 0.559722 0.244531 0.559722 0.245312 0.558333 0.247656 0.558333 0.247656 0.556944 0.246875 0.555556 0.247656 0.555556 0.248438 0.556944 0.248438 0.558333 0.25 0.558333 0.250781 0.556944 0.25625 0.556944 0.257031 0.555556 0.261719 0.555556 0.2625 0.554167 0.267969 0.554167 0.26875 0.552778 0.273438 0.552778 0.274219 0.551389 0.279688 0.551389 0.280469 0.55 0.285156 0.55 0.285938 0.548611 0.291406 0.548611 0.292188 0.547222 0.296875 0.547222 0.297656 0.545833 0.303125 0.545833 0.303906 0.544444 0.308594 0.544444 0.309375 0.543056 0.314844 0.543056 0.315625 0.541667 0.320312 0.541667 0.321094 0.540278 0.324219 0.540278 0.325781 0.5375 0.326562 0.5375 0.327344 0.536111 0.328125 0.536111 0.413281 0.519444 0.414062 0.519444 0.414844 0.518056 0.415625 0.518056 0.416406 0.518056 0.089062 0.554167 0.086719 0.554167 0.086719 0.552778 0.089844 0.552778 0.089844 0.55 0.090625 0.548611 0.090625 0.547222 0.091406 0.545833 0.091406 0.544444 0.094531 0.538889 0.09375 0.5375 0.094531 0.536111 0.096875 0.536111 0.2375 0.533333 0.238281 0.534722 0.242188 0.534722 0.242969 0.533333 0.252344 0.533333 0.253125 0.531944 0.2625 0.531944 0.263281 0.530556 0.272656 0.530556 0.273438 0.529167 0.280469 0.529167 0.280469 0.519444 0.352344 0.519444 0.3125 0.525 0.311719 0.523611 0.311719 0.518056 0.303906 0.518056 0.303906 0.525 0.3125 0.525 0.352344 0.519444 0.353125 0.518056 0.383594 0.515278 0.378906 0.515278 0.378906 0.513889 0.377344 0.511111 0.374219 0.511111 0.354688 0.5125 0.430469 0.509722 0.25 0.559722 0.250781 0.558333 0.089062 0.556944 0.238281 0.547222 0.239062 0.548611 0.239062 0.552778 0.245312 0.552778 0.246094 0.551389 0.251563 0.551389 0.252344 0.55 0.258594 0.55 0.259375 0.548611 0.264844 0.548611 0.265625 0.547222 0.271875 0.547222 0.272656 0.545833 0.278125 0.545833 0.278906 0.544444 0.284375 0.544444 0.285156 0.543056 0.291406 0.543056 0.292188 0.541667 0.297656 0.541667 0.298438 0.540278 0.304688 0.540278 0.305469 0.538889 0.310938 0.538889 0.311719 0.5375 0.317969 0.5375 0.31875 0.536111 0.324219 0.536111 0.325 0.534722 0.330469 0.534722 0.33125 0.533333 0.333594 0.533333 0.334375 0.531944 0.336719 0.531944 0.3375 0.530556 0.338281 0.530556 0.339844 0.527778 0.34375 0.527778 0.34375 0.529167 0.35 0.529167 0.35 0.527778 0.350781 0.526389 0.350781 0.525 0.351562 0.523611 0.351562 0.522222 0.352344 0.520833 0.35625 0.520833 0.35625 0.522222 0.355469 0.523611 0.355469 0.529167 0.357031 0.529167 0.357812 0.527778 0.357812 0.526389 0.359375 0.523611 0.360156 0.523611 0.360938 0.522222 0.360938 0.520833 0.405469 0.516667 0.245312 0.520833 0.242969 0.520833 0.242188 0.522222 0.241406 0.522222 0.1 0.531944 0.099219 0.533333 0.098438 0.531944 0.097656 0.531944 0.091406 0.533333 0.086719 0.533333 0.086719 0.536111 0.089844 0.536111 0.091406 0.533333 0.095312 0.534722 0.096094 0.533333 0.096094 0.534722 0.09375 0.534722 0.09375 0.533333 0.094531 0.533333 0.000781 0.541667 0.0 0.540278 0.0 0.541667 0.000781 0.543056 0.003906 0.543056 0.005469 0.543056 0.005469 0.540278 0.003906 0.540278 0.003906 0.543056 0.000781 0.543056 0.000781 0.541667 0.094531 0.533333 0.095312 0.534722 0.091406 0.533333 0.097656 0.531944 0.098438 0.533333 0.099219 0.533333 0.1 0.531944 0.241406 0.522222 0.242188 0.522222 0.242969 0.520833 0.245312 0.520833 0.405469 0.516667 0.40625 0.515278 0.4125 0.513889 0.414062 0.516667 0.416406 0.516667 0.417188 0.515278 0.423438 0.515278 0.424219 0.513889 0.429688 0.513889 0.430469 0.5125 0.432812 0.5125 0.432812 0.511111 0.430469 0.511111 0.430469 0.5125 0.429688 0.513889 0.428125 0.511111 0.424219 0.511111 0.424219 0.5125 0.422656 0.515278 0.421875 0.513889 0.421094 0.515278 0.415625 0.515278 0.414062 0.5125 0.4125 0.5125 0.4125 0.513889 0.40625 0.515278 0.405469 0.515278 0.405469 0.516667 0.360938 0.520833 0.359375 0.520833 0.358594 0.519444 0.357031 0.519444 0.35625 0.520833 0.352344 0.520833 0.347656 0.520833 0.346094 0.523611 0.346875 0.525 0.346875 0.527778 0.346094 0.529167 0.344531 0.529167 0.34375 0.527778 0.339844 0.527778 0.339062 0.529167 0.338281 0.529167 0.336719 0.526389 0.3375 0.525 0.335156 0.525 0.334375 0.526389 0.332812 0.526389 0.332812 0.527778 0.33125 0.530556 0.328906 0.530556 0.328125 0.529167 0.327344 0.529167 0.325781 0.526389 0.325 0.527778 0.324219 0.527778 0.323438 0.529167 0.322656 0.529167 0.322656 0.533333 0.321875 0.534722 0.314062 0.534722 0.313281 0.536111 0.3125 0.534722 0.3125 0.526389 0.303906 0.526389 0.303906 0.527778 0.303125 0.529167 0.302344 0.529167 0.301562 0.530556 0.29375 0.530556 0.29375 0.531944 0.294531 0.533333 0.29375 0.534722 0.29375 0.536111 0.292969 0.5375 0.291406 0.5375 0.290625 0.536111 0.291406 0.534722 0.290625 0.533333 0.290625 0.530556 0.289844 0.531944 0.289844 0.534722 0.289062 0.536111 0.2875 0.536111 0.285938 0.533333 0.2875 0.530556 0.273438 0.530556 0.272656 0.531944 0.263281 0.531944 0.2625 0.533333 0.253125 0.533333 0.252344 0.534722 0.242969 0.534722 0.242188 0.536111 0.239062 0.536111 0.239062 0.540278 0.239844 0.541667 0.239844 0.543056 0.238281 0.545833 0.238281 0.547222 0.089062 0.556944 0.086719 0.556944 0.086719 0.561111 0.085938 0.5625 0.082031 0.5625 0.08125 0.563889 0.077344 0.563889 0.076562 0.565278 0.06875 0.565278 0.067969 0.566667 0.059375 0.566667 0.058594 0.568056 0.039844 0.568056 0.039844 0.581944 0.040625 0.583333 0.040625 0.5875 0.039844 0.588889 0.040625 0.5875 0.041406 0.588889 0.041406 0.590278 0.040625 0.591667 0.0375 0.591667 0.036719 0.593056 0.035156 0.593056 0.034375 0.591667 0.034375 0.590278 0.03125 0.590278 0.030469 0.591667 0.020312 0.591667 0.020312 0.594444 0.019531 0.595833 0.017969 0.595833 0.017188 0.594444 0.017969 0.593056 0.017969 0.591667 0.015625 0.591667 0.014844 0.593056 0.008594 0.593056 0.007812 0.591667 0.007031 0.591667 0.007031 0.594444 0.00625 0.595833 0.004688 0.595833 0.003906 0.594444 0.003906 0.593056 0.004688 0.591667 0.005469 0.591667 0.005469 0.568056 0.001562 0.568056 0.000781 0.569444 0.0 0.569444 0.0 0.604167 0.001562 0.604167 0.002344 0.602778 0.007812 0.602778 0.008594 0.601389 0.014844 0.601389 0.015625 0.6 0.021094 0.6 0.021875 0.598611 0.027344 0.598611 0.028125 0.597222 0.034375 0.597222 0.035156 0.595833 0.040625 0.595833 0.041406 0.594444 0.047656 0.594444 0.048438 0.593056 0.053906 0.593056 0.054688 0.591667 0.060938 0.591667 0.061719 0.590278 0.067188 0.590278 0.067969 0.588889 0.073438 0.588889 0.074219 0.5875 0.080469 0.5875 0.08125 0.586111 0.086719 0.586111 0.0875 0.584722 0.0875 0.577778 0.086719 0.576389 0.086719 0.572222 0.0875 0.570833 0.0875 0.563889 0.088281 0.5625 0.088281 0.558333 0.089062 0.556944 0.250781 0.558333 0.25625 0.558333 0.257031 0.556944 0.261719 0.556944 0.2625 0.555556 0.267188 0.555556 0.26875 0.554167 0.273438 0.554167 0.274219 0.552778 0.278906 0.552778 0.274219 0.552778 0.273438 0.554167 0.26875 0.554167 0.267188 0.555556 0.2625 0.555556 0.261719 0.556944 0.257031 0.556944 0.25625 0.558333 0.250781 0.558333 0.25 0.559722 0.245312 0.559722 0.244531 0.561111 0.239062 0.561111 0.239062 0.5625 0.124219 0.590278 0.117188 0.590278 0.116406 0.591667 0.099219 0.595833 0.092188 0.595833 0.091406 0.597222 0.086719 0.597222 0.085938 0.598611 0.080469 0.598611 0.079688 0.6 0.075 0.6 0.074219 0.601389 0.06875 0.601389 0.067969 0.602778 0.063281 0.602778 0.0625 0.604167 0.057031 0.604167 0.05625 0.605556 0.051562 0.605556 0.050781 0.606944 0.045312 0.606944 0.044531 0.608333 0.039844 0.608333 0.039062 0.609722 0.033594 0.609722 0.032812 0.611111 0.028125 0.611111 0.027344 0.6125 0.021875 0.6125 0.021094 0.613889 0.016406 0.613889 0.015625 0.615278 0.010156 0.615278 0.009375 0.616667 0.004688 0.616667 0.003906 0.618056 0.0 0.618056 0.0 0.619444 0.003906 0.619444 0.004688 0.618056 0.010156 0.618056 0.010938 0.616667 0.015625 0.616667 0.016406 0.615278 0.021094 0.615278 0.021875 0.613889 0.027344 0.613889 0.028125 0.6125 0.032812 0.6125 0.033594 0.611111 0.038281 0.611111 0.039062 0.609722 0.044531 0.609722 0.045312 0.608333 0.05 0.608333 0.050781 0.606944 0.055469 0.606944 0.05625 0.605556 0.061719 0.605556 0.0625 0.604167 0.067188 0.604167 0.067969 0.602778 0.072656 0.602778 0.073438 0.601389 0.078906 0.601389 0.079688 0.6 0.084375 0.6 0.085156 0.598611 0.089844 0.598611 0.090625 0.597222 0.096094 0.597222 0.096875 0.595833 0.099219 0.595833 0.116406 0.591667 0.11875 0.591667 0.119531 0.590278 0.124219 0.590278 0.239062 0.5625 0.239844 0.561111 0.244531 0.561111 0.245312 0.559722 0.25 0.559722 0.430469 0.509722 0.432812 0.509722 0.432031 0.508333 0.430469 0.508333 0.430469 0.509722 0.354688 0.5125 0.357812 0.513889 0.357812 0.516667 0.357031 0.516667 0.357812 0.515278 0.357812 0.513889 0.354688 0.5125 0.353906 0.513889 0.353906 0.515278 0.353125 0.516667 0.35 0.516667 0.353125 0.516667 0.353906 0.515278 0.353906 0.5125 0.354688 0.5125 0.374219 0.511111 0.383594 0.511111 0.383594 0.515278 0.353125 0.518056 0.352344 0.518056 0.352344 0.519444 0.280469 0.519444 0.276562 0.519444 0.275781 0.520833 0.271875 0.520833 0.271094 0.522222 0.270312 0.520833 0.267969 0.520833 0.267188 0.522222 0.266406 0.520833 0.261719 0.520833 0.261719 0.522222 0.260938 0.523611 0.260156 0.522222 0.253125 0.522222 0.252344 0.523611 0.251563 0.522222 0.25 0.522222 0.25 0.523611 0.249219 0.525 0.248438 0.523611 0.248438 0.522222 0.242969 0.522222 0.242188 0.523611 0.241406 0.523611 0.240625 0.525 0.239844 0.525 0.2375 0.529167 0.2375 0.533333 0.096875 0.536111 0.090625 0.536111 0.089844 0.5375 0.086719 0.5375 0.0875 0.538889 0.086719 0.540278 0.086719 0.552778 0.005469 0.554167 0.005469 0.548611 0.004688 0.547222 0.005469 0.545833 0.004688 0.544444 0.003906 0.544444 0.003906 0.545833 0.004688 0.547222 0.003125 0.55 0.002344 0.548611 0.002344 0.547222 0.002344 0.548611 0.001562 0.55 0.0 0.547222 0.0 0.545833 0.000781 0.544444 0.0 0.544444 0.0 0.547222 0.000781 0.548611 0.0 0.55 0.0 0.554167 0.005469 0.554167 0.086719 0.552778 0.086719 0.554167 0.086719 0.555556 0.005469 0.555556 0.0 0.555556 0.0 0.568056 0.000781 0.566667 0.005469 0.566667 0.005469 0.555556 0.086719 0.555556 0.089062 0.555556 0.089062 0.554167 0.416406 0.518056 0.420312 0.518056 0.421094 0.516667 0.425781 0.516667 0.426562 0.515278 0.43125 0.515278 0.432031 0.513889 0.430469 0.513889 0.429688 0.515278 0.424219 0.515278 0.423438 0.516667 0.417188 0.516667 0.416406 0.518056 0.415625 0.518056 0.414062 0.518056 0.413281 0.519444 0.328125 0.536111 0.325 0.536111 0.324219 0.5375 0.31875 0.5375 0.317969 0.538889 0.311719 0.538889 0.310938 0.540278 0.305469 0.540278 0.304688 0.541667 0.298438 0.541667 0.297656 0.543056 0.292188 0.543056 0.291406 0.544444 0.285156 0.544444 0.284375 0.545833 0.278906 0.545833 0.278125 0.547222 0.272656 0.547222 0.271875 0.548611 0.265625 0.548611 0.264844 0.55 0.259375 0.55 0.258594 0.551389 0.252344 0.551389 0.251563 0.552778 0.246094 0.552778 0.246875 0.552778 0.247656 0.554167 0.247656 0.555556
80 0.321875 0.545833 0.308594 0.545833 0.307812 0.547222 0.302344 0.547222 0.301562 0.548611 0.296875 0.548611 0.296094 0.55 0.291406 0.55 0.290625 0.551389 0.285156 0.551389 0.284375 0.552778 0.279688 0.552778 0.278906 0.554167 0.274219 0.554167 0.273438 0.555556 0.267969 0.555556 0.267188 0.556944 0.2625 0.556944 0.261719 0.558333 0.257031 0.558333 0.25625 0.559722 0.250781 0.559722 0.25 0.561111 0.245312 0.561111 0.244531 0.5625 0.239844 0.5625 0.239062 0.563889 0.239062 0.565278 0.238281 0.566667 0.238281 0.569444 0.2375 0.570833 0.2375 0.572222 0.234375 0.577778 0.225 0.577778 0.222656 0.573611 0.222656 0.572222 0.221875 0.570833 0.221875 0.569444 0.221094 0.569444 0.220312 0.570833 0.216406 0.570833 0.215625 0.572222 0.211719 0.572222 0.210938 0.573611 0.207031 0.573611 0.20625 0.575 0.201562 0.575 0.200781 0.576389 0.196094 0.576389 0.195312 0.577778 0.191406 0.577778 0.190625 0.579167 0.185938 0.579167 0.185156 0.580556 0.184375 0.580556 0.184375 0.583333 0.183594 0.584722 0.183594 0.586111 0.179688 0.593056 0.178906 0.593056 0.178125 0.594444 0.166406 0.594444 0.161719 0.586111 0.159375 0.586111 0.158594 0.5875 0.148438 0.5875 0.147656 0.588889 0.146875 0.588889 0.146094 0.5875 0.145312 0.588889 0.139844 0.588889 0.139062 0.590278 0.125 0.590278 0.124219 0.591667 0.119531 0.591667 0.11875 0.593056 0.114062 0.593056 0.113281 0.594444 0.107812 0.594444 0.107031 0.595833 0.102344 0.595833 0.101562 0.597222 0.096875 0.597222 0.096094 0.598611 0.090625 0.598611 0.089844 0.6 0.085156 0.6 0.084375 0.601389 0.079688 0.601389 0.078906 0.602778 0.073438 0.602778 0.072656 0.604167 0.067969 0.604167 0.067188 0.605556 0.0625 0.605556 0.061719 0.606944 0.05625 0.606944 0.055469 0.608333 0.050781 0.608333 0.05 0.609722 0.045312 0.609722 0.044531 0.611111 0.039062 0.611111 0.038281 0.6125 0.033594 0.6125 0.032812 0.613889 0.028125 0.613889 0.027344 0.615278 0.021875 0.615278 0.021094 0.616667 0.016406 0.616667 0.015625 0.618056 0.010938 0.618056 0.010156 0.619444 0.004688 0.619444 0.003906 0.620833 0.0 0.620833 0.0 0.645833 0.003906 0.645833 0.004688 0.644444 0.008594 0.644444 0.009375 0.643056 0.013281 0.643056 0.014062 0.641667 0.017969 0.641667 0.01875 0.640278 0.022656 0.640278 0.023438 0.638889 0.027344 0.638889 0.028125 0.6375 0.032031 0.6375 0.032812 0.636111 0.0375 0.636111 0.038281 0.634722 0.042188 0.634722 0.042969 0.633333 0.046875 0.633333 0.047656 0.631944 0.051562 0.631944 0.052344 0.630556 0.05625 0.630556 0.057031 0.629167 0.060938 0.629167 0.061719 0.627778 0.065625 0.627778 0.066406 0.626389 0.070312 0.626389 0.071094 0.625 0.075 0.625 0.075781 0.623611 0.080469 0.623611 0.08125 0.622222 0.085156 0.622222 0.085938 0.620833 0.089844 0.620833 0.090625 0.619444 0.094531 0.619444 0.095312 0.618056 0.099219 0.618056 0.1 0.616667 0.103906 0.616667 0.104688 0.615278 0.108594 0.615278 0.109375 0.613889 0.113281 0.613889 0.114062 0.6125 0.117969 0.6125 0.11875 0.611111 0.123438 0.611111 0.124219 0.609722 0.128125 0.609722 0.128906 0.608333 0.132812 0.608333 0.133594 0.606944 0.1375 0.606944 0.138281 0.605556 0.142188 0.605556 0.142969 0.604167 0.146875 0.604167 0.147656 0.602778 0.151562 0.602778 0.152344 0.601389 0.15625 0.601389 0.157031 0.6 0.160938 0.6 0.161719 0.598611 0.165625 0.598611 0.166406 0.597222 0.171094 0.597222 0.171875 0.598611 0.171094 0.6 0.167188 0.6 0.166406 0.601389 0.1625 0.601389 0.161719 0.602778 0.157812 0.602778 0.157031 0.604167 0.153125 0.604167 0.152344 0.605556 0.148438 0.605556 0.147656 0.606944 0.14375 0.606944 0.142969 0.608333 0.139062 0.608333 0.138281 0.609722 0.134375 0.609722 0.133594 0.611111 0.129688 0.611111 0.128906 0.6125 0.125 0.6125 0.124219 0.613889 0.120312 0.613889 0.119531 0.615278 0.114844 0.615278 0.114062 0.616667 0.110156 0.616667 0.109375 0.618056 0.105469 0.618056 0.104688 0.619444 0.100781 0.619444 0.1 0.620833 0.096094 0.620833 0.095312 0.622222 0.091406 0.622222 0.090625 0.623611 0.086719 0.623611 0.085938 0.625 0.082031 0.625 0.08125 0.626389 0.077344 0.626389 0.076562 0.627778 0.072656 0.627778 0.071875 0.629167 0.067969 0.629167 0.067188 0.630556 0.063281 0.630556 0.0625 0.631944 0.058594 0.631944 0.057812 0.633333 0.053906 0.633333 0.053125 0.634722 0.049219 0.634722 0.048438 0.636111 0.044531 0.636111 0.04375 0.6375 0.039844 0.6375 0.039062 0.638889 0.035156 0.638889 0.034375 0.640278 0.030469 0.640278 0.029688 0.641667 0.025781 0.641667 0.025 0.643056 0.021094 0.643056 0.020312 0.644444 0.016406 0.644444 0.015625 0.645833 0.011719 0.645833 0.010938 0.647222 0.007031 0.647222 0.00625 0.648611 0.002344 0.648611 0.001562 0.65 0.0 0.65 0.0 0.998611 0.033594 0.998611 0.034375 0.997222 0.035156 0.997222 0.035938 0.995833 0.036719 0.995833 0.0375 0.994444 0.038281 0.994444 0.039062 0.993056 0.039844 0.993056 0.040625 0.991667 0.041406 0.991667 0.042969 0.988889 0.04375 0.988889 0.044531 0.9875 0.045312 0.9875 0.046094 0.986111 0.046875 0.986111 0.047656 0.984722 0.048438 0.984722 0.049219 0.983333 0.05 0.983333 0.050781 0.981944 0.051562 0.981944 0.052344 0.980556 0.053125 0.980556 0.053906 0.979167 0.054688 0.979167 0.055469 0.977778 0.05625 0.977778 0.057031 0.976389 0.057812 0.976389 0.058594 0.975 0.059375 0.975 0.060156 0.973611 0.060938 0.973611 0.061719 0.972222 0.0625 0.972222 0.063281 0.970833 0.064062 0.970833 0.064844 0.969444 0.065625 0.969444 0.066406 0.968056 0.067188 0.968056 0.067969 0.966667 0.06875 0.966667 0.069531 0.965278 0.070312 0.965278 0.071094 0.963889 0.071875 0.963889 0.072656 0.9625 0.073438 0.9625 0.074219 0.961111 0.075 0.961111 0.075781 0.959722 0.076562 0.959722 0.077344 0.958333 0.078125 0.958333 0.078906 0.956944 0.079688 0.956944 0.080469 0.955556 0.08125 0.955556 0.082031 0.954167 0.082812 0.954167 0.083594 0.952778 0.084375 0.952778 0.085156 0.951389 0.085938 0.951389 0.086719 0.95 0.0875 0.95 0.088281 0.948611 0.089062 0.948611 0.089844 0.947222 0.090625 0.947222 0.091406 0.945833 0.092188 0.945833 0.092969 0.944444 0.09375 0.944444 0.094531 0.943056 0.095312 0.943056 0.096094 0.941667 0.096875 0.941667 0.097656 0.940278 0.098438 0.940278 0.099219 0.938889 0.100781 0.938889 0.101562 0.9375 0.102344 0.9375 0.103125 0.936111 0.103906 0.936111 0.104688 0.934722 0.105469 0.934722 0.10625 0.933333 0.107031 0.933333 0.107812 0.931944 0.108594 0.931944 0.109375 0.930556 0.110156 0.930556 0.110938 0.929167 0.111719 0.929167 0.1125 0.927778 0.113281 0.927778 0.114062 0.926389 0.114844 0.926389 0.115625 0.925 0.116406 0.925 0.117188 0.923611 0.117969 0.923611 0.11875 0.922222 0.119531 0.922222 0.120312 0.920833 0.121094 0.920833 0.121875 0.919444 0.122656 0.919444 0.123438 0.918056 0.125 0.918056 0.125781 0.916667 0.126562 0.916667 0.127344 0.915278 0.128125 0.915278 0.128906 0.913889 0.129688 0.913889 0.130469 0.9125 0.13125 0.9125 0.132031 0.911111 0.132812 0.911111 0.133594 0.909722 0.134375 0.909722 0.135156 0.908333 0.135938 0.908333 0.136719 0.906944 0.1375 0.906944 0.138281 0.905556 0.139062 0.905556 0.139844 0.904167 0.140625 0.904167 0.141406 0.902778 0.142188 0.902778 0.142969 0.901389 0.144531 0.901389 0.145312 0.9 0.146094 0.9 0.146875 0.898611 0.147656 0.898611 0.148438 0.897222 0.149219 0.897222 0.15 0.895833 0.150781 0.895833 0.151562 0.894444 0.152344 0.894444 0.153125 0.893056 0.153906 0.893056 0.154688 0.891667 0.15625 0.891667 0.157031 0.890278 0.157812 0.890278 0.158594 0.888889 0.159375 0.888889 0.160156 0.8875 0.161719 0.8875 0.1625 0.886111 0.163281 0.886111 0.164062 0.884722 0.164844 0.884722 0.165625 0.883333 0.167188 0.883333 0.167969 0.881944 0.16875 0.881944 0.169531 0.880556 0.171094 0.880556 0.171875 0.879167 0.172656 0.879167 0.173438 0.877778 0.175 0.877778 0.175781 0.876389 0.176562 0.876389 0.177344 0.875 0.178906 0.875 0.179688 0.873611 0.18125 0.873611 0.182031 0.872222 0.183594 0.872222 0.184375 0.870833 0.185156 0.870833 0.185938 0.869444 0.1875 0.869444 0.188281 0.868056 0.189844 0.868056 0.190625 0.866667 0.192188 0.866667 0.192969 0.865278 0.194531 0.865278 0.195312 0.863889 0.196875 0.863889 0.197656 0.8625 0.2 0.8625 0.200781 0.861111 0.202344 0.861111 0.203125 0.859722 0.205469 0.859722 0.20625 0.858333 0.207812 0.858333 0.208594 0.856944 0.210938 0.856944 0.211719 0.855556 0.214062 0.855556 0.214844 0.854167 0.216406 0.854167 0.217188 0.852778 0.219531 0.852778 0.220312 0.851389 0.222656 0.851389 0.223438 0.85 0.225781 0.85 0.226562 0.848611 0.228906 0.848611 0.229688 0.847222 0.232031 0.847222 0.232812 0.845833 0.235156 0.845833 0.235938 0.844444 0.238281 0.844444 0.239062 0.843056 0.241406 0.843056 0.242188 0.841667 0.24375 0.841667 0.244531 0.840278 0.247656 0.840278 0.248438 0.838889 0.253125 0.838889 0.253906 0.8375 0.258594 0.8375 0.259375 0.836111 0.2625 0.836111 0.264844 0.831944 0.265625 0.831944 0.269531 0.825 0.270312 0.825 0.273438 0.819444 0.274219 0.819444 0.278125 0.8125 0.278906 0.8125 0.282031 0.806944 0.282812 0.806944 0.286719 0.8 0.2875 0.8 0.290625 0.794444 0.291406 0.794444 0.295312 0.7875 0.296094 0.7875 0.299219 0.781944 0.3 0.781944 0.303906 0.775 0.304688 0.775 0.307812 0.769444 0.308594 0.769444 0.3125 0.7625 0.313281 0.7625 0.316406 0.756944 0.317188 0.756944 0.321094 0.75 0.321875 0.75 0.325781 0.743056 0.326562 0.743056 0.329688 0.7375 0.330469 0.7375 0.333594 0.731944 0.334375 0.731944 0.338281 0.725 0.339062 0.725 0.342969 0.718056 0.34375 0.718056 0.346875 0.7125 0.347656 0.7125 0.351562 0.705556 0.352344 0.705556 0.355469 0.7 0.35625 0.7 0.359375 0.694444 0.360156 0.694444 0.364062 0.6875 0.364844 0.6875 0.367969 0.681944 0.36875 0.681944 0.371875 0.676389 0.372656 0.676389 0.375 0.672222 0.375781 0.672222 0.378906 0.666667 0.379688 0.666667 0.382031 0.6625 0.382812 0.6625 0.385938 0.656944 0.386719 0.656944 0.389062 0.652778 0.389844 0.652778 0.392969 0.647222 0.39375 0.647222 0.396094 0.643056 0.396875 0.643056 0.4 0.6375 0.400781 0.6375 0.403125 0.633333 0.403906 0.633333 0.407031 0.627778 0.407812 0.627778 0.410156 0.623611 0.410938 0.623611 0.4125 0.620833 0.4125 0.609722 0.413281 0.608333 0.413281 0.601389 0.414062 0.6 0.414062 0.593056 0.414844 0.591667 0.414844 0.584722 0.420312 0.561111 0.420312 0.548611 0.421094 0.547222 0.422656 0.547222 0.423438 0.545833 0.43125 0.545833 0.430469 0.545833 0.429688 0.547222 0.430469 0.548611 0.432812 0.548611 0.432031 0.55 0.432031 0.551389 0.590625 0.566667 0.580469 0.566667 0.579688 0.568056 0.578125 0.568056 0.578906 0.566667 0.578906 0.558333 0.591406 0.558333 0.705469 0.731944 0.70625 0.731944 0.707031 0.733333 0.707812 0.733333 0.708594 0.734722 0.709375 0.734722 0.710156 0.736111 0.734375 0.736111 0.735156 0.734722 0.736719 0.734722 0.742188 0.725 0.742188 0.723611 0.742969 0.722222 0.742969 0.720833 0.74375 0.719444 0.74375 0.718056 0.744531 0.716667 0.744531 0.713889 0.745312 0.7125 0.745312 0.709722 0.746094 0.708333 0.746094 0.705556 0.746875 0.706944 0.748438 0.706944 0.749219 0.708333 0.75 0.708333 0.750781 0.709722 0.751562 0.709722 0.752344 0.711111 0.753906 0.711111 0.754688 0.7125 0.755469 0.7125 0.75625 0.713889 0.757031 0.713889 0.757812 0.715278 0.759375 0.715278 0.760156 0.716667 0.760938 0.716667 0.761719 0.718056 0.7625 0.718056 0.763281 0.719444 0.764062 0.719444 0.764844 0.720833 0.766406 0.720833 0.767188 0.722222 0.767969 0.722222 0.76875 0.723611 0.769531 0.723611 0.770312 0.725 0.771875 0.725 0.772656 0.726389 0.773438 0.726389 0.774219 0.727778 0.775 0.727778 0.775781 0.729167 0.777344 0.729167 0.778125 0.730556 0.778906 0.730556 0.779688 0.731944 0.780469 0.731944 0.78125 0.733333 0.782812 0.733333 0.783594 0.734722 0.784375 0.734722 0.785156 0.736111 0.785938 0.736111 0.786719 0.7375 0.7875 0.7375 0.788281 0.738889 0.789844 0.738889 0.790625 0.740278 0.791406 0.740278 0.792188 0.741667 0.792969 0.741667 0.79375 0.743056 0.795312 0.743056 0.796094 0.744444 0.796875 0.744444 0.797656 0.745833 0.798438 0.745833 0.799219 0.747222 0.800781 0.747222 0.801562 0.748611 0.802344 0.748611 0.803125 0.75 0.803906 0.75 0.804688 0.751389 0.80625 0.751389 0.807031 0.752778 0.807812 0.752778 0.808594 0.754167 0.809375 0.754167 0.810156 0.755556 0.810938 0.755556 0.811719 0.756944 0.813281 0.756944 0.814062 0.758333 0.814844 0.758333 0.815625 0.759722 0.816406 0.759722 0.817188 0.761111 0.81875 0.761111 0.819531 0.7625 0.820312 0.7625 0.821094 0.763889 0.821875 0.763889 0.822656 0.765278 0.824219 0.765278 0.825 0.766667 0.825781 0.766667 0.826562 0.768056 0.827344 0.768056 0.828125 0.769444 0.828906 0.769444 0.829688 0.770833 0.83125 0.770833 0.832031 0.772222 0.832812 0.772222 0.833594 0.773611 0.834375 0.773611 0.835156 0.775 0.836719 0.775 0.8375 0.776389 0.838281 0.776389 0.839062 0.777778 0.839844 0.777778 0.840625 0.779167 0.842188 0.779167 0.842969 0.780556 0.84375 0.780556 0.844531 0.781944 0.845312 0.781944 0.846094 0.783333 0.847656 0.783333 0.848438 0.784722 0.849219 0.784722 0.85 0.786111 0.850781 0.786111 0.851562 0.7875 0.852344 0.7875 0.853125 0.788889 0.854688 0.788889 0.855469 0.790278 0.85625 0.790278 0.857031 0.791667 0.857812 0.791667 0.858594 0.793056 0.860156 0.793056 0.860938 0.794444 0.861719 0.794444 0.8625 0.795833 0.863281 0.795833 0.864062 0.797222 0.865625 0.797222 0.866406 0.798611 0.867188 0.798611 0.867969 0.8 0.86875 0.8 0.869531 0.801389 0.870312 0.801389 0.871094 0.802778 0.871875 0.802778 0.872656 0.804167 0.874219 0.804167 0.875 0.805556 0.875781 0.805556 0.876562 0.806944 0.878125 0.806944 0.878906 0.808333 0.879688 0.808333 0.880469 0.809722 0.882812 0.809722 0.883594 0.811111 0.8875 0.811111 0.888281 0.8125 0.890625 0.8125 0.890625 0.825 0.891406 0.826389 0.891406 0.836111 0.892188 0.8375 0.892188 0.844444 0.892969 0.845833 0.892969 0.85 0.89375 0.851389 0.89375 0.856944 0.894531 0.858333 0.894531 0.8625 0.895312 0.863889 0.895312 0.868056 0.896094 0.869444 0.896094 0.872222 0.896875 0.873611 0.896875 0.875 0.897656 0.876389 0.897656 0.880556 0.898438 0.881944 0.898438 0.883333 0.899219 0.884722 0.899219 0.886111 0.9 0.8875 0.900781 0.8875 0.9 0.888889 0.9 0.890278 0.900781 0.891667 0.900781 0.894444 0.901562 0.895833 0.901562 0.897222 0.903125 0.9 0.903906 0.9 0.903125 0.901389 0.903125 0.902778 0.903906 0.904167 0.903906 0.905556 0.904688 0.906944 0.904688 0.908333 0.905469 0.909722 0.905469 0.911111 0.90625 0.9125 0.907031 0.9125 0.90625 0.913889 0.907031 0.915278 0.907031 0.916667 0.907812 0.918056 0.907812 0.919444 0.908594 0.920833 0.908594 0.922222 0.910156 0.925 0.910938 0.925 0.910156 0.926389 0.910938 0.927778 0.910938 0.929167 0.9125 0.931944 0.9125 0.933333 0.913281 0.934722 0.913281 0.936111 0.915625 0.940278 0.915625 0.941667 0.917188 0.944444 0.917188 0.945833 0.91875 0.948611 0.91875 0.95 0.921875 0.955556 0.921875 0.956944 0.924219 0.961111 0.923438 0.959722 0.922656 0.959722 0.921875 0.958333 0.921094 0.958333 0.920312 0.956944 0.919531 0.956944 0.91875 0.955556 0.917969 0.955556 0.917188 0.954167 0.916406 0.954167 0.915625 0.952778 0.914844 0.952778 0.914062 0.951389 0.913281 0.951389 0.9125 0.95 0.911719 0.95 0.910938 0.948611 0.910156 0.948611 0.909375 0.947222 0.908594 0.947222 0.907812 0.945833 0.907031 0.945833 0.90625 0.944444 0.905469 0.944444 0.904688 0.943056 0.903906 0.943056 0.903125 0.941667 0.902344 0.941667 0.901562 0.940278 0.900781 0.940278 0.9 0.938889 0.898438 0.938889 0.897656 0.9375 0.896875 0.9375 0.896094 0.936111 0.895312 0.936111 0.894531 0.934722 0.89375 0.934722 0.892969 0.933333 0.892188 0.933333 0.891406 0.931944 0.890625 0.931944 0.889844 0.930556 0.889062 0.930556 0.888281 0.929167 0.8875 0.929167 0.886719 0.927778 0.885938 0.927778 0.885156 0.926389 0.884375 0.926389 0.883594 0.925 0.882812 0.925 0.882031 0.923611 0.88125 0.923611 0.880469 0.922222 0.879688 0.922222 0.878906 0.920833 0.878125 0.920833 0.877344 0.919444 0.876562 0.919444 0.875781 0.918056 0.875 0.918056 0.874219 0.916667 0.872656 0.916667 0.871875 0.915278 0.871094 0.915278 0.870312 0.913889 0.869531 0.913889 0.86875 0.9125 0.867969 0.9125 0.867188 0.911111 0.866406 0.911111 0.865625 0.909722 0.864844 0.909722 0.864062 0.908333 0.863281 0.908333 0.8625 0.906944 0.861719 0.906944 0.860938 0.905556 0.860156 0.905556 0.859375 0.904167 0.858594 0.904167 0.857812 0.902778 0.857031 0.902778 0.85625 0.901389 0.854688 0.901389 0.853906 0.9 0.853125 0.9 0.852344 0.898611 0.851562 0.898611 0.850781 0.897222 0.85 0.897222 0.849219 0.895833 0.848438 0.895833 0.847656 0.894444 0.846875 0.894444 0.846094 0.893056 0.845312 0.893056 0.844531 0.891667 0.842969 0.891667 0.842188 0.890278 0.841406 0.890278 0.840625 0.888889 0.839844 0.888889 0.839062 0.8875 0.8375 0.8875 0.836719 0.886111 0.835938 0.886111 0.835156 0.884722 0.834375 0.884722 0.833594 0.883333 0.832031 0.883333 0.83125 0.881944 0.830469 0.881944 0.829688 0.880556 0.828125 0.880556 0.827344 0.879167 0.826562 0.879167 0.825781 0.877778 0.824219 0.877778 0.823438 0.876389 0.822656 0.876389 0.821875 0.875 0.820312 0.875 0.819531 0.873611 0.817969 0.873611 0.817188 0.872222 0.815625 0.872222 0.814844 0.870833 0.814062 0.870833 0.813281 0.869444 0.811719 0.869444 0.810938 0.868056 0.809375 0.868056 0.808594 0.866667 0.807031 0.866667 0.80625 0.865278 0.804688 0.865278 0.803906 0.863889 0.802344 0.863889 0.801562 0.8625 0.799219 0.8625 0.798438 0.861111 0.796875 0.861111 0.796094 0.859722 0.79375 0.859722 0.792969 0.858333 0.791406 0.858333 0.790625 0.856944 0.788281 0.856944 0.7875 0.855556 0.785156 0.855556 0.784375 0.854167 0.782812 0.854167 0.782031 0.852778 0.779688 0.852778 0.778906 0.851389 0.776562 0.851389 0.775781 0.85 0.773438 0.85 0.772656 0.848611 0.770312 0.848611 0.769531 0.847222 0.767969 0.847222 0.767188 0.845833 0.764844 0.845833 0.764062 0.844444 0.761719 0.844444 0.760938 0.843056 0.758594 0.843056 0.757812 0.841667 0.754688 0.841667 0.753906 0.840278 0.750781 0.840278 0.75 0.838889 0.746094 0.838889 0.745312 0.8375 0.740625 0.8375 0.739844 0.836111 0.732031 0.836111 0.73125 0.834722 0.720312 0.834722 0.719531 0.833333 0.708594 0.833333 0.707812 0.831944 0.698438 0.831944 0.697656 0.830556 0.688281 0.830556 0.6875 0.829167 0.678906 0.829167 0.678125 0.827778 0.669531 0.827778 0.66875 0.826389 0.661719 0.826389 0.660938 0.825 0.653125 0.825 0.652344 0.823611 0.647656 0.823611 0.646875 0.822222 0.645312 0.822222 0.644531 0.820833 0.642969 0.820833 0.642188 0.819444 0.640625 0.819444 0.639844 0.818056 0.638281 0.818056 0.6375 0.816667 0.634375 0.816667 0.633594 0.815278 0.63125 0.815278 0.630469 0.813889 0.625781 0.813889 0.625 0.8125 0.615625 0.8125 0.614844 0.811111 0.605469 0.811111 0.604688 0.809722 0.59375 0.809722 0.592969 0.808333 0.58125 0.808333 0.580469 0.806944 0.567188 0.806944 0.566406 0.805556 0.551562 0.805556 0.550781 0.804167 0.533594 0.804167 0.532812 0.802778 0.514844 0.802778 0.514062 0.804167 0.513281 0.804167 0.5125 0.805556 0.510938 0.805556 0.510156 0.806944 0.504687 0.806944 0.503906 0.805556 0.49375 0.805556 0.492969 0.806944 0.489844 0.806944 0.489062 0.805556 0.486719 0.805556 0.485938 0.804167 0.485156 0.804167 0.484375 0.802778 0.467969 0.802778 0.467188 0.804167 0.449219 0.804167 0.448438 0.805556 0.432031 0.805556 0.43125 0.806944 0.41875 0.806944 0.417969 0.808333 0.40625 0.808333 0.405469 0.809722 0.394531 0.809722 0.39375 0.811111 0.384375 0.811111 0.383594 0.8125 0.374219 0.8125 0.373438 0.813889 0.36875 0.813889 0.367969 0.815278 0.365625 0.815278 0.364844 0.816667 0.3625 0.816667 0.361719 0.818056 0.359375 0.818056 0.358594 0.819444 0.357031 0.819444 0.35625 0.820833 0.354688 0.820833 0.353906 0.822222 0.353125 0.822222 0.352344 0.823611 0.347656 0.823611 0.346875 0.825 0.339062 0.825 0.338281 0.826389 0.330469 0.826389 0.329688 0.827778 0.321094 0.827778 0.320312 0.829167 0.313281 0.829167 0.355469 0.754167 0.355469 0.752778 0.410156 0.655556 0.410156 0.686111 0.410938 0.6875 0.410938 0.695833 0.411719 0.697222 0.411719 0.705556 0.4125 0.706944 0.4125 0.723611 0.413281 0.725 0.413281 0.736111 0.414062 0.7375 0.414062 0.741667 0.414844 0.743056 0.414844 0.745833 0.416406 0.748611 0.417969 0.748611 0.41875 0.747222 0.419531 0.748611 0.428125 0.748611 0.428906 0.747222 0.429688 0.748611 0.435938 0.748611 0.4375 0.745833 0.4375 0.744444 0.438281 0.743056 0.438281 0.740278 0.439062 0.738889 0.439062 0.7375 0.439844 0.736111 0.439844 0.734722 0.440625 0.733333 0.440625 0.729167 0.447656 0.729167 0.448438 0.730556 0.464844 0.730556 0.465625 0.731944 0.534375 0.731944 0.535156 0.730556 0.550781 0.730556 0.551562 0.729167 0.558594 0.729167 0.558594 0.730556 0.559375 0.731944 0.559375 0.736111 0.560156 0.7375 0.560156 0.738889 0.560938 0.740278 0.560938 0.741667 0.561719 0.743056 0.561719 0.745833 0.563281 0.748611 0.582812 0.748611 0.584375 0.745833 0.584375 0.744444 0.585156 0.743056 0.585156 0.740278 0.585938 0.738889 0.585938 0.731944 0.586719 0.730556 0.586719 0.706944 0.5875 0.705556 0.5875 0.697222 0.588281 0.695833 0.588281 0.6875 0.589062 0.686111 0.589062 0.641667 0.588281 0.640278 0.588281 0.631944 0.5875 0.630556 0.5875 0.622222 0.586719 0.620833 0.586719 0.609722 0.585938 0.608333 0.585938 0.601389 0.585156 0.6 0.585156 0.594444 0.584375 0.593056 0.584375 0.586111 0.583594 0.584722 0.583594 0.579167 0.582812 0.577778 0.582812 0.576389 0.580469 0.572222 0.579688 0.572222 0.578906 0.570833 0.578125 0.570833 0.590625 0.570833 0.407812 0.647222 0.410938 0.641667 0.410938 0.633333 0.410156 0.634722 0.409375 0.634722 0.405469 0.641667 0.404688 0.641667 0.400781 0.648611 0.4 0.648611 0.396094 0.655556 0.395312 0.655556 0.391406 0.6625 0.390625 0.6625 0.386719 0.669444 0.385938 0.669444 0.382031 0.676389 0.38125 0.676389 0.377344 0.683333 0.376562 0.683333 0.371094 0.693056 0.370312 0.693056 0.364844 0.702778 0.364062 0.702778 0.358594 0.7125 0.357812 0.7125 0.352344 0.722222 0.351562 0.722222 0.346094 0.731944 0.345312 0.731944 0.339844 0.741667 0.339062 0.741667 0.333594 0.751389 0.332812 0.751389 0.327344 0.761111 0.326562 0.761111 0.321094 0.770833 0.320312 0.770833 0.314844 0.780556 0.314062 0.780556 0.308594 0.790278 0.307812 0.790278 0.302344 0.8 0.301562 0.8 0.296094 0.809722 0.295312 0.809722 0.289844 0.819444 0.289062 0.819444 0.283594 0.829167 0.282812 0.829167 0.280469 0.833333 0.289844 0.833333 0.290625 0.831944 0.296094 0.831944 0.304688 0.816667 0.305469 0.816667 0.317969 0.794444 0.31875 0.794444 0.332031 0.770833 0.332812 0.770833 0.345312 0.748611 0.346094 0.748611 0.358594 0.726389 0.359375 0.726389 0.371094 0.705556 0.371875 0.705556 0.384375 0.683333 0.385156 0.683333 0.392188 0.670833 0.392969 0.670833 0.399219 0.659722 0.4 0.659722 0.407031 0.647222 0.407812 0.647222 0.590625 0.570833 0.590625 0.577778 0.591406 0.579167 0.591406 0.590278 0.592188 0.591667 0.592188 0.593056 0.592969 0.594444 0.592969 0.595833 0.59375 0.597222 0.602344 0.597222 0.603125 0.595833 0.603125 0.594444 0.603906 0.593056 0.603906 0.591667 0.604688 0.593056 0.605469 0.593056 0.60625 0.594444 0.607031 0.594444 0.607812 0.595833 0.608594 0.595833 0.609375 0.597222 0.610156 0.597222 0.610938 0.598611 0.611719 0.598611 0.6125 0.6 0.614062 0.6 0.614844 0.601389 0.615625 0.601389 0.616406 0.602778 0.616406 0.606944 0.617188 0.608333 0.617188 0.613889 0.617969 0.615278 0.617969 0.618056 0.61875 0.619444 0.61875 0.620833 0.621094 0.625 0.63125 0.625 0.633594 0.620833 0.633594 0.619444 0.634375 0.618056 0.634375 0.615278 0.635156 0.613889 0.635156 0.609722 0.635938 0.611111 0.650781 0.611111 0.651562 0.6125 0.685156 0.6125 0.685156 0.625 0.685938 0.626389 0.685938 0.638889 0.686719 0.640278 0.686719 0.643056 0.6875 0.644444 0.6875 0.645833 0.688281 0.647222 0.688281 0.648611 0.689844 0.651389 0.689844 0.670833 0.690625 0.672222 0.690625 0.680556 0.691406 0.681944 0.691406 0.6875 0.692188 0.688889 0.692188 0.691667 0.692969 0.693056 0.692188 0.694444 0.692969 0.695833 0.692969 0.698611 0.69375 0.7 0.69375 0.702778 0.694531 0.704167 0.694531 0.706944 0.695312 0.708333 0.695312 0.709722 0.696094 0.711111 0.696094 0.7125 0.696875 0.713889 0.696875 0.715278 0.697656 0.716667 0.697656 0.718056 0.698438 0.719444 0.698438 0.720833 0.703125 0.729167 0.703906 0.729167 0.705469 0.731944 0.591406 0.558333 0.591406 0.565278 0.590625 0.566667 0.432031 0.551389 0.43125 0.552778 0.43125 0.554167 0.430469 0.555556 0.430469 0.556944 0.428906 0.559722 0.428906 0.561111 0.428125 0.5625 0.428125 0.563889 0.426562 0.566667 0.425781 0.566667 0.425 0.568056 0.424219 0.568056 0.423438 0.569444 0.421875 0.569444 0.421094 0.570833 0.420312 0.570833 0.419531 0.572222 0.419531 0.5625 0.420312 0.561111 0.414844 0.584722 0.410156 0.584722 0.408594 0.581944 0.408594 0.580556 0.407812 0.580556 0.407031 0.581944 0.40625 0.581944 0.405469 0.583333 0.404688 0.583333 0.403125 0.586111 0.402344 0.586111 0.401562 0.5875 0.400781 0.5875 0.400781 0.590278 0.4 0.591667 0.4 0.598611 0.399219 0.6 0.399219 0.601389 0.398438 0.602778 0.398438 0.604167 0.397656 0.605556 0.388281 0.605556 0.386719 0.602778 0.386719 0.6 0.385938 0.598611 0.385938 0.594444 0.382031 0.594444 0.38125 0.595833 0.363281 0.595833 0.3625 0.594444 0.340625 0.594444 0.339844 0.595833 0.336719 0.595833 0.336719 0.598611 0.335938 0.6 0.335938 0.601389 0.333594 0.605556 0.332031 0.605556 0.33125 0.606944 0.328125 0.606944 0.327344 0.605556 0.326562 0.605556 0.325781 0.606944 0.325 0.605556 0.323438 0.605556 0.321875 0.602778 0.321875 0.601389 0.321094 0.6 0.321094 0.598611 0.320312 0.597222 0.320312 0.593056 0.319531 0.591667 0.319531 0.561111 0.320312 0.559722 0.320312 0.554167 0.319531 0.552778 0.320312 0.551389 0.321094 0.551389 0.321094 0.55 0.321875 0.548611 0.317188 0.548611 0.316406 0.547222 0.317188 0.545833 0.321875 0.545833 0.322656 0.544444 0.322656 0.543056 0.464844 0.525 0.466406 0.522222 0.467188 0.522222 0.467188 0.520833 0.532031 0.518056 0.532812 0.519444 0.521875 0.516667 0.522656 0.518056 0.521875 0.516667 0.477344 0.516667 0.476562 0.518056 0.476562 0.516667 0.436719 0.536111 0.435938 0.536111 0.435938 0.5375 0.435156 0.538889 0.435156 0.540278 0.434375 0.541667 0.43125 0.541667 0.429688 0.538889 0.429688 0.527778 0.430469 0.526389 0.430469 0.525 0.429688 0.523611 0.430469 0.522222 0.430469 0.518056 0.43125 0.516667 0.428125 0.516667 0.427344 0.518056 0.422656 0.518056 0.421875 0.519444 0.417188 0.519444 0.416406 0.520833 0.414062 0.520833 0.415625 0.520833 0.416406 0.522222 0.417188 0.522222 0.41875 0.525 0.41875 0.529167 0.419531 0.530556 0.419531 0.540278 0.420312 0.541667 0.420312 0.543056 0.425 0.543056 0.425781 0.544444 0.433594 0.544444 0.434375 0.543056 0.435156 0.543056 0.435938 0.541667 0.435938 0.540278 0.436719 0.538889 0.436719 0.536111 0.476562 0.516667 0.478906 0.516667 0.477344 0.516667 0.521875 0.516667 0.520312 0.516667 0.521875 0.516667 0.532812 0.519444 0.534375 0.519444 0.533594 0.520833 0.534375 0.522222 0.536719 0.522222 0.536719 0.523611 0.538281 0.526389 0.538281 0.527778 0.539062 0.529167 0.539062 0.531944 0.539844 0.533333 0.539062 0.531944 0.5375 0.531944 0.535938 0.529167 0.535938 0.527778 0.53125 0.519444 0.53125 0.518056 0.532031 0.518056 0.467188 0.520833 0.465625 0.520833 0.464844 0.522222 0.464844 0.525 0.322656 0.543056 0.319531 0.543056 0.31875 0.544444 0.314062 0.544444 0.322656 0.544444
