82 0.722656 0.461111 0.721875 0.4625 0.721875 0.494444 0.725 0.494444 0.725 0.461111
82 0.092188 0.433333 0.092188 0.4625 0.099219 0.4625 0.099219 0.434722 0.098438 0.433333
82 0.266406 0.465278 0.266406 0.479167 0.26875 0.479167 0.26875 0.465278
82 0.355469 0.475 0.355469 0.484722 0.357031 0.484722 0.357031 0.475
82 0.425 0.479167 0.425 0.4875 0.426562 0.4875 0.426562 0.479167
82 0.5 0.481944 0.5 0.488889 0.501562 0.488889 0.501562 0.481944
2 0.345312 0.501389 0.344531 0.502778 0.34375 0.502778 0.344531 0.502778 0.345312 0.501389 0.346094 0.501389 0.346875 0.502778 0.346875 0.505556 0.345312 0.508333 0.341406 0.508333 0.340625 0.506944 0.342188 0.504167 0.340625 0.506944 0.339062 0.506944 0.3375 0.509722 0.335938 0.509722 0.335156 0.511111 0.334375 0.511111 0.333594 0.5125 0.333594 0.515278 0.332812 0.516667 0.332812 0.519444 0.333594 0.520833 0.333594 0.522222 0.334375 0.523611 0.336719 0.523611 0.3375 0.522222 0.3375 0.520833 0.338281 0.519444 0.344531 0.519444 0.345312 0.520833 0.346094 0.520833 0.347656 0.523611 0.350781 0.523611 0.350781 0.522222 0.352344 0.519444 0.360156 0.519444 0.360938 0.520833 0.360938 0.522222 0.364062 0.522222 0.364062 0.519444 0.365625 0.516667 0.365625 0.5125 0.364844 0.511111 0.364844 0.508333 0.364062 0.508333 0.363281 0.506944 0.3625 0.506944 0.360938 0.504167 0.360156 0.504167 0.359375 0.502778 0.357812 0.502778 0.357031 0.501389
2 0.372656 0.502778 0.375 0.502778 0.375781 0.504167 0.376562 0.504167 0.377344 0.502778 0.385156 0.502778 0.3875 0.506944 0.386719 0.508333 0.382812 0.508333 0.38125 0.505556 0.38125 0.506944 0.380469 0.508333 0.379688 0.508333 0.378906 0.506944 0.378125 0.506944 0.377344 0.508333 0.371094 0.508333 0.370312 0.506944 0.369531 0.506944 0.36875 0.508333 0.365625 0.508333 0.365625 0.511111 0.366406 0.5125 0.366406 0.516667 0.364844 0.519444 0.364844 0.520833 0.365625 0.519444 0.366406 0.519444 0.367188 0.518056 0.371875 0.518056 0.373438 0.520833 0.375781 0.520833 0.376562 0.519444 0.379688 0.519444 0.380469 0.518056 0.3875 0.518056 0.388281 0.519444 0.388281 0.520833 0.389844 0.520833 0.392188 0.516667 0.392969 0.516667 0.394531 0.513889 0.394531 0.509722 0.392188 0.509722 0.391406 0.508333 0.389062 0.508333 0.385938 0.502778 0.377344 0.502778 0.376562 0.504167 0.375781 0.504167 0.375 0.502778
3 0.442188 0.506944 0.441406 0.506944 0.441406 0.508333 0.440625 0.509722 0.440625 0.511111 0.441406 0.511111 0.442188 0.509722 0.442188 0.506944 0.44375 0.505556 0.446094 0.505556 0.445312 0.504167 0.444531 0.504167 0.44375 0.502778 0.442969 0.504167 0.44375 0.505556
3 0.442969 0.502778 0.442188 0.504167 0.442969 0.505556 0.442969 0.509722 0.441406 0.5125 0.440625 0.5125 0.439844 0.511111 0.439844 0.509722 0.440625 0.508333 0.440625 0.506944 0.436719 0.506944 0.436719 0.508333 0.435938 0.509722 0.435156 0.509722 0.435938 0.509722 0.436719 0.508333 0.4375 0.509722 0.4375 0.513889 0.436719 0.515278 0.4375 0.513889 0.438281 0.513889 0.439062 0.5125 0.442969 0.5125 0.442969 0.505556 0.442188 0.504167
3 0.425 0.501389 0.425 0.502778 0.424219 0.504167 0.424219 0.505556 0.425 0.506944 0.422656 0.511111 0.422656 0.5125 0.424219 0.515278 0.425 0.515278 0.426562 0.5125 0.432812 0.5125 0.434375 0.515278 0.435938 0.515278 0.436719 0.513889 0.436719 0.509722 0.435938 0.508333 0.435156 0.508333 0.433594 0.505556 0.435156 0.502778 0.435938 0.502778 0.435156 0.502778 0.434375 0.504167 0.432031 0.504167 0.43125 0.502778 0.428125 0.502778 0.427344 0.504167 0.425781 0.501389
1 0.244531 0.518056 0.246094 0.520833 0.246875 0.520833 0.246094 0.520833 0.244531 0.518056 0.244531 0.513889 0.244531 0.515278 0.244531 0.513889 0.254688 0.509722 0.250781 0.508333 0.251563 0.508333 0.25 0.508333 0.249219 0.509722 0.253125 0.516667 0.255469 0.516667 0.253906 0.516667 0.253125 0.518056 0.252344 0.516667 0.252344 0.515278 0.251563 0.513889 0.250781 0.515278 0.250781 0.516667 0.250781 0.515278 0.251563 0.513889 0.25 0.511111 0.249219 0.5125 0.248438 0.5125 0.249219 0.5125 0.25 0.511111 0.249219 0.509722 0.25 0.508333 0.248438 0.506944 0.247656 0.508333 0.248438 0.506944 0.248438 0.505556 0.248438 0.506944 0.25 0.508333 0.25 0.506944 0.250781 0.508333 0.254688 0.509722 0.255469 0.511111 0.257812 0.511111 0.255469 0.511111 0.254688 0.509722 0.244531 0.513889 0.245312 0.5125 0.244531 0.513889
1 0.25625 0.5125 0.25625 0.513889 0.255469 0.515278 0.254688 0.515278 0.255469 0.515278 0.25625 0.516667 0.255469 0.518056 0.25625 0.516667 0.25625 0.513889 0.257031 0.5125
1 0.257812 0.516667 0.257812 0.518056 0.258594 0.519444 0.257812 0.518056 0.257812 0.516667 0.253125 0.506944 0.252344 0.505556 0.251563 0.506944 0.253125 0.506944
1 0.264062 0.513889 0.264062 0.515278 0.264844 0.516667 0.265625 0.516667 0.266406 0.518056 0.265625 0.516667 0.266406 0.515278 0.267188 0.515278 0.264844 0.515278 0.264062 0.513889 0.265625 0.5125 0.266406 0.5125 0.267188 0.511111 0.267969 0.5125 0.267188 0.511111 0.266406 0.5125 0.265625 0.5125
1 0.272656 0.518056 0.273438 0.516667 0.273438 0.513889 0.273438 0.516667 0.272656 0.518056 0.26875 0.518056 0.267969 0.516667 0.267969 0.513889 0.267969 0.511111 0.26875 0.511111 0.26875 0.509722 0.267969 0.508333 0.26875 0.506944 0.267969 0.508333 0.267188 0.508333 0.267969 0.509722 0.267969 0.511111 0.267969 0.513889 0.266406 0.513889 0.267188 0.513889 0.267969 0.515278 0.267188 0.516667 0.267969 0.516667 0.26875 0.518056
2 0.467969 0.804167 0.467188 0.805556 0.449219 0.805556 0.448438 0.806944 0.432031 0.806944 0.43125 0.808333 0.41875 0.808333 0.417969 0.809722 0.40625 0.809722 0.405469 0.811111 0.394531 0.811111 0.39375 0.8125 0.384375 0.8125 0.383594 0.813889 0.374219 0.813889 0.373438 0.815278 0.36875 0.815278 0.367969 0.816667 0.365625 0.816667 0.364844 0.818056 0.361719 0.818056 0.360938 0.819444 0.359375 0.819444 0.358594 0.820833 0.357031 0.820833 0.35625 0.822222 0.354688 0.822222 0.353906 0.823611 0.353125 0.823611 0.352344 0.825 0.347656 0.825 0.346875 0.826389 0.339062 0.826389 0.338281 0.827778 0.330469 0.827778 0.329688 0.829167 0.321094 0.829167 0.320312 0.830556 0.311719 0.830556 0.310938 0.831944 0.300781 0.831944 0.3 0.833333 0.290625 0.833333 0.289844 0.834722 0.279688 0.834722 0.278906 0.836111 0.267969 0.836111 0.267188 0.8375 0.259375 0.8375 0.258594 0.838889 0.253906 0.838889 0.253125 0.840278 0.248438 0.840278 0.247656 0.841667 0.244531 0.841667 0.24375 0.843056 0.242188 0.843056 0.241406 0.844444 0.239062 0.844444 0.238281 0.845833 0.235938 0.845833 0.235156 0.847222 0.232812 0.847222 0.232031 0.848611 0.229688 0.848611 0.228906 0.85 0.226562 0.85 0.225781 0.851389 0.223438 0.851389 0.222656 0.852778 0.220312 0.852778 0.219531 0.854167 0.217188 0.854167 0.216406 0.855556 0.214844 0.855556 0.214062 0.856944 0.211719 0.856944 0.210938 0.858333 0.208594 0.858333 0.207812 0.859722 0.20625 0.859722 0.205469 0.861111 0.203125 0.861111 0.202344 0.8625 0.200781 0.8625 0.2 0.863889 0.197656 0.863889 0.196875 0.865278 0.195312 0.865278 0.194531 0.866667 0.192969 0.866667 0.192188 0.868056 0.190625 0.868056 0.189844 0.869444 0.188281 0.869444 0.1875 0.870833 0.185938 0.870833 0.185156 0.872222 0.184375 0.872222 0.183594 0.873611 0.182031 0.873611 0.18125 0.875 0.179688 0.875 0.178906 0.876389 0.177344 0.876389 0.176562 0.877778 0.175781 0.877778 0.175 0.879167 0.173438 0.879167 0.172656 0.880556 0.171875 0.880556 0.171094 0.881944 0.169531 0.881944 0.16875 0.883333 0.167969 0.883333 0.167188 0.884722 0.165625 0.884722 0.164844 0.886111 0.164062 0.886111 0.163281 0.8875 0.1625 0.8875 0.161719 0.888889 0.160156 0.888889 0.159375 0.890278 0.158594 0.890278 0.157812 0.891667 0.157031 0.891667 0.15625 0.893056 0.154688 0.893056 0.153906 0.894444 0.153125 0.894444 0.152344 0.895833 0.151562 0.895833 0.150781 0.897222 0.15 0.897222 0.149219 0.898611 0.148438 0.898611 0.147656 0.9 0.146875 0.9 0.146094 0.901389 0.145312 0.901389 0.144531 0.902778 0.142969 0.902778 0.142188 0.904167 0.141406 0.904167 0.140625 0.905556 0.139844 0.905556 0.139062 0.906944 0.138281 0.906944 0.1375 0.908333 0.136719 0.908333 0.135938 0.909722 0.135156 0.909722 0.134375 0.911111 0.133594 0.911111 0.132812 0.9125 0.132031 0.9125 0.13125 0.913889 0.130469 0.913889 0.129688 0.915278 0.128906 0.915278 0.128125 0.916667 0.127344 0.916667 0.126562 0.918056 0.125 0.918056 0.124219 0.919444 0.123438 0.919444 0.122656 0.920833 0.121875 0.920833 0.121094 0.922222 0.120312 0.922222 0.119531 0.923611 0.11875 0.923611 0.117969 0.925 0.117188 0.925 0.116406 0.926389 0.115625 0.926389 0.114844 0.927778 0.114062 0.927778 0.113281 0.929167 0.1125 0.929167 0.111719 0.930556 0.110938 0.930556 0.110156 0.931944 0.109375 0.931944 0.108594 0.933333 0.107812 0.933333 0.107031 0.934722 0.10625 0.934722 0.105469 0.936111 0.104688 0.936111 0.103906 0.9375 0.103125 0.9375 0.102344 0.938889 0.101562 0.938889 0.100781 0.940278 0.099219 0.940278 0.098438 0.941667 0.097656 0.941667 0.096875 0.943056 0.096094 0.943056 0.095312 0.944444 0.094531 0.944444 0.09375 0.945833 0.092969 0.945833 0.092188 0.947222 0.091406 0.947222 0.090625 0.948611 0.089844 0.948611 0.089062 0.95 0.088281 0.95 0.0875 0.951389 0.086719 0.951389 0.085938 0.952778 0.085156 0.952778 0.084375 0.954167 0.083594 0.954167 0.082812 0.955556 0.082031 0.955556 0.08125 0.956944 0.080469 0.956944 0.079688 0.958333 0.078906 0.958333 0.078125 0.959722 0.077344 0.959722 0.076562 0.961111 0.075781 0.961111 0.075 0.9625 0.074219 0.9625 0.073438 0.963889 0.072656 0.963889 0.071875 0.965278 0.071094 0.965278 0.070312 0.966667 0.069531 0.966667 0.06875 0.968056 0.067969 0.968056 0.067188 0.969444 0.066406 0.969444 0.065625 0.970833 0.064844 0.970833 0.064062 0.972222 0.063281 0.972222 0.0625 0.973611 0.061719 0.973611 0.060938 0.975 0.060156 0.975 0.059375 0.976389 0.058594 0.976389 0.057812 0.977778 0.057031 0.977778 0.05625 0.979167 0.055469 0.979167 0.054688 0.980556 0.053906 0.980556 0.053125 0.981944 0.052344 0.981944 0.051562 0.983333 0.050781 0.983333 0.05 0.984722 0.049219 0.984722 0.048438 0.986111 0.047656 0.986111 0.046875 0.9875 0.046094 0.9875 0.045312 0.988889 0.044531 0.988889 0.04375 0.990278 0.042969 0.990278 0.042188 0.991667 0.041406 0.991667 0.040625 0.993056 0.039844 0.993056 0.038281 0.995833 0.0375 0.995833 0.036719 0.997222 0.035938 0.997222 0.035156 0.998611 0.034375 0.998611 0.964844 0.998611 0.964062 0.998611 0.963281 0.997222 0.9625 0.997222 0.961719 0.995833 0.960938 0.995833 0.960156 0.994444 0.959375 0.994444 0.957812 0.991667 0.957031 0.991667 0.95625 0.990278 0.955469 0.990278 0.954688 0.988889 0.953906 0.988889 0.953125 0.9875 0.952344 0.9875 0.951562 0.986111 0.950781 0.986111 0.95 0.984722 0.949219 0.984722 0.948438 0.983333 0.947656 0.983333 0.946875 0.981944 0.946094 0.981944 0.945312 0.980556 0.944531 0.980556 0.94375 0.979167 0.942969 0.979167 0.942188 0.977778 0.941406 0.977778 0.940625 0.976389 0.939844 0.976389 0.939062 0.975 0.938281 0.975 0.9375 0.973611 0.936719 0.973611 0.935938 0.972222 0.935156 0.972222 0.934375 0.970833 0.933594 0.970833 0.932812 0.969444 0.932031 0.969444 0.93125 0.968056 0.930469 0.968056 0.929688 0.966667 0.928906 0.966667 0.928125 0.965278 0.927344 0.965278 0.926562 0.963889 0.925781 0.963889 0.925 0.9625 0.924219 0.9625 0.923438 0.961111 0.922656 0.961111 0.921875 0.959722 0.921094 0.959722 0.920312 0.958333 0.919531 0.958333 0.91875 0.956944 0.917969 0.956944 0.917188 0.955556 0.916406 0.955556 0.915625 0.954167 0.914844 0.954167 0.914062 0.952778 0.913281 0.952778 0.9125 0.951389 0.911719 0.951389 0.910938 0.95 0.910156 0.95 0.909375 0.948611 0.908594 0.948611 0.907812 0.947222 0.907031 0.947222 0.90625 0.945833 0.905469 0.945833 0.904688 0.944444 0.903906 0.944444 0.903125 0.943056 0.902344 0.943056 0.901562 0.941667 0.900781 0.941667 0.9 0.940278 0.898438 0.940278 0.897656 0.938889 0.896875 0.938889 0.896094 0.9375 0.895312 0.9375 0.894531 0.936111 0.89375 0.936111 0.892969 0.934722 0.892188 0.934722 0.891406 0.933333 0.890625 0.933333 0.889844 0.931944 0.889062 0.931944 0.888281 0.930556 0.8875 0.930556 0.886719 0.929167 0.885938 0.929167 0.885156 0.927778 0.884375 0.927778 0.883594 0.926389 0.882812 0.926389 0.882031 0.925 0.88125 0.925 0.880469 0.923611 0.879688 0.923611 0.878906 0.922222 0.878125 0.922222 0.877344 0.920833 0.876562 0.920833 0.875781 0.919444 0.874219 0.919444 0.873438 0.918056 0.872656 0.918056 0.871875 0.916667 0.871094 0.916667 0.870312 0.915278 0.869531 0.915278 0.86875 0.913889 0.867969 0.913889 0.867188 0.9125 0.866406 0.9125 0.865625 0.911111 0.864844 0.911111 0.864062 0.909722 0.863281 0.909722 0.8625 0.908333 0.861719 0.908333 0.860938 0.906944 0.860156 0.906944 0.859375 0.905556 0.858594 0.905556 0.857812 0.904167 0.857031 0.904167 0.85625 0.902778 0.854688 0.902778 0.853906 0.901389 0.853125 0.901389 0.852344 0.9 0.851562 0.9 0.850781 0.898611 0.85 0.898611 0.849219 0.897222 0.848438 0.897222 0.847656 0.895833 0.846875 0.895833 0.846094 0.894444 0.845312 0.894444 0.844531 0.893056 0.842969 0.893056 0.842188 0.891667 0.841406 0.891667 0.840625 0.890278 0.839844 0.890278 0.839062 0.888889 0.8375 0.888889 0.836719 0.8875 0.835938 0.8875 0.835156 0.886111 0.834375 0.886111 0.833594 0.884722 0.832031 0.884722 0.83125 0.883333 0.830469 0.883333 0.829688 0.881944 0.828125 0.881944 0.827344 0.880556 0.826562 0.880556 0.825781 0.879167 0.824219 0.879167 0.823438 0.877778 0.822656 0.877778 0.821875 0.876389 0.820312 0.876389 0.819531 0.875 0.817969 0.875 0.817188 0.873611 0.815625 0.873611 0.814844 0.872222 0.814062 0.872222 0.813281 0.870833 0.811719 0.870833 0.810938 0.869444 0.809375 0.869444 0.808594 0.868056 0.807031 0.868056 0.80625 0.866667 0.804688 0.866667 0.803906 0.865278 0.802344 0.865278 0.801562 0.863889 0.799219 0.863889 0.798438 0.8625 0.796875 0.8625 0.796094 0.861111 0.79375 0.861111 0.792969 0.859722 0.791406 0.859722 0.790625 0.858333 0.788281 0.858333 0.7875 0.856944 0.785156 0.856944 0.784375 0.855556 0.782812 0.855556 0.782031 0.854167 0.779688 0.854167 0.778906 0.852778 0.776562 0.852778 0.775781 0.851389 0.773438 0.851389 0.772656 0.85 0.770312 0.85 0.769531 0.848611 0.767969 0.848611 0.767188 0.847222 0.764844 0.847222 0.764062 0.845833 0.761719 0.845833 0.760938 0.844444 0.758594 0.844444 0.757812 0.843056 0.754688 0.843056 0.753906 0.841667 0.750781 0.841667 0.75 0.840278 0.746094 0.840278 0.745312 0.838889 0.740625 0.838889 0.739844 0.8375 0.732031 0.8375 0.73125 0.836111 0.720312 0.836111 0.719531 0.834722 0.708594 0.834722 0.707812 0.833333 0.698438 0.833333 0.697656 0.831944 0.688281 0.831944 0.6875 0.830556 0.678906 0.830556 0.678125 0.829167 0.669531 0.829167 0.66875 0.827778 0.661719 0.827778 0.660938 0.826389 0.653125 0.826389 0.652344 0.825 0.647656 0.825 0.646875 0.823611 0.645312 0.823611 0.644531 0.822222 0.642969 0.822222 0.642188 0.820833 0.640625 0.820833 0.639844 0.819444 0.6375 0.819444 0.636719 0.818056 0.634375 0.818056 0.633594 0.816667 0.63125 0.816667 0.630469 0.815278 0.625781 0.815278 0.625 0.813889 0.615625 0.813889 0.614844 0.8125 0.605469 0.8125 0.604688 0.811111 0.59375 0.811111 0.592969 0.809722 0.58125 0.809722 0.580469 0.808333 0.567188 0.808333 0.566406 0.806944 0.551562 0.806944 0.550781 0.805556 0.533594 0.805556 0.532812 0.804167 0.514844 0.804167 0.514062 0.805556 0.513281 0.805556 0.5125 0.806944 0.510938 0.806944 0.510156 0.808333 0.504687 0.808333 0.503906 0.806944 0.49375 0.806944 0.492969 0.808333 0.489844 0.808333 0.489062 0.806944 0.486719 0.806944 0.485938 0.805556 0.485156 0.805556 0.484375 0.804167
0 0.614062 0.494444 0.614844 0.495833 0.614062 0.497222 0.613281 0.497222 0.613281 0.498611 0.6125 0.5 0.6125 0.504167 0.613281 0.504167 0.614062 0.505556 0.614062 0.516667 0.614062 0.515278 0.614844 0.513889 0.614844 0.509722 0.615625 0.508333 0.615625 0.505556 0.614844 0.504167 0.615625 0.502778 0.616406 0.502778 0.617188 0.504167 0.616406 0.502778 0.616406 0.5 0.614844 0.497222 0.614844 0.494444
0 0.144531 0.486111 0.14375 0.4875 0.14375 0.493056 0.142188 0.495833 0.142188 0.504167 0.141406 0.505556 0.141406 0.5125 0.142188 0.513889 0.142188 0.515278 0.141406 0.516667 0.141406 0.525 0.142188 0.526389 0.142188 0.534722 0.141406 0.536111 0.144531 0.536111 0.144531 0.529167 0.14375 0.527778 0.14375 0.519444 0.144531 0.518056 0.144531 0.515278 0.145312 0.513889 0.146094 0.515278 0.146094 0.523611 0.146875 0.525 0.146875 0.5375 0.148438 0.5375 0.148438 0.516667 0.149219 0.515278 0.149219 0.509722 0.15 0.508333 0.15 0.505556 0.150781 0.504167 0.150781 0.502778 0.15 0.501389 0.15 0.498611 0.149219 0.497222 0.149219 0.495833 0.148438 0.494444 0.147656 0.494444 0.146094 0.491667 0.146875 0.490278 0.146875 0.4875 0.146094 0.486111
0 0.375781 0.494444 0.375781 0.497222 0.375 0.498611 0.375 0.5 0.375781 0.501389 0.375781 0.502778 0.375 0.504167 0.375 0.506944 0.377344 0.506944 0.378125 0.505556 0.378906 0.505556 0.378906 0.504167 0.377344 0.504167 0.376562 0.502778 0.377344 0.501389 0.378906 0.501389 0.378125 0.5 0.378125 0.497222 0.376562 0.494444
0 0.404688 0.504167 0.403906 0.505556 0.403906 0.506944 0.404688 0.508333 0.403906 0.509722 0.403906 0.515278 0.403906 0.5125 0.404688 0.511111 0.405469 0.5125 0.405469 0.513889 0.40625 0.515278 0.40625 0.5125 0.405469 0.511111 0.405469 0.504167
0 0.326562 0.493056 0.326562 0.495833 0.325 0.498611 0.324219 0.498611 0.324219 0.5 0.323438 0.501389 0.323438 0.508333 0.325781 0.5125 0.325781 0.513889 0.324219 0.516667 0.324219 0.520833 0.325 0.520833 0.324219 0.519444 0.325781 0.516667 0.326562 0.516667 0.328125 0.519444 0.328125 0.520833 0.328906 0.519444 0.328125 0.518056 0.328125 0.513889 0.327344 0.5125 0.328125 0.511111 0.328125 0.508333 0.328906 0.506944 0.328906 0.505556 0.329688 0.504167 0.330469 0.505556 0.329688 0.504167 0.329688 0.502778 0.328906 0.501389 0.328906 0.5 0.327344 0.497222 0.327344 0.495833 0.328125 0.494444 0.327344 0.493056
0 0.599219 0.508333 0.599219 0.511111 0.597656 0.513889 0.597656 0.515278 0.596875 0.516667 0.596875 0.526389 0.597656 0.526389 0.598438 0.527778 0.598438 0.540278 0.6 0.540278 0.6 0.536111 0.600781 0.534722 0.600781 0.530556 0.601562 0.529167 0.601562 0.526389 0.600781 0.525 0.600781 0.518056 0.601562 0.516667 0.602344 0.518056 0.602344 0.520833 0.603125 0.522222 0.603125 0.523611 0.603125 0.520833 0.602344 0.519444 0.602344 0.516667 0.600781 0.513889 0.600781 0.509722 0.6 0.508333
2 0.454688 0.498611 0.453906 0.5 0.453125 0.5 0.452344 0.501389 0.45 0.501389 0.451562 0.501389 0.452344 0.502778 0.451562 0.504167 0.450781 0.504167 0.45 0.505556 0.449219 0.505556 0.448438 0.504167 0.448438 0.502778 0.446094 0.506944 0.44375 0.506944 0.44375 0.518056 0.444531 0.518056 0.445312 0.519444 0.445312 0.520833 0.446094 0.522222 0.448438 0.522222 0.448438 0.520833 0.449219 0.519444 0.457031 0.519444 0.458594 0.522222 0.460938 0.522222 0.4625 0.519444 0.469531 0.519444 0.471094 0.522222 0.471875 0.522222 0.472656 0.520833 0.472656 0.509722 0.471094 0.506944 0.470312 0.508333 0.469531 0.506944 0.46875 0.506944 0.466406 0.502778 0.465625 0.502778 0.467188 0.505556 0.466406 0.506944 0.464844 0.506944 0.464062 0.505556 0.464062 0.504167 0.463281 0.502778 0.464062 0.501389 0.463281 0.5 0.463281 0.498611
0 0.260938 0.491667 0.260938 0.494444 0.259375 0.497222 0.258594 0.497222 0.258594 0.498611 0.257812 0.5 0.257812 0.506944 0.258594 0.508333 0.258594 0.509722 0.260156 0.5125 0.260156 0.518056 0.259375 0.519444 0.259375 0.522222 0.258594 0.523611 0.258594 0.525 0.259375 0.526389 0.261719 0.526389 0.260938 0.525 0.261719 0.523611 0.261719 0.519444 0.2625 0.518056 0.2625 0.515278 0.263281 0.513889 0.263281 0.505556 0.264062 0.504167 0.264844 0.505556 0.264844 0.506944 0.265625 0.508333 0.265625 0.505556 0.264844 0.504167 0.264844 0.501389 0.264062 0.5 0.264062 0.497222 0.263281 0.497222 0.2625 0.495833 0.2625 0.491667
0 0.453906 0.494444 0.454688 0.495833 0.454688 0.497222 0.453906 0.498611 0.454688 0.497222 0.454688 0.494444
81 0.498438 0.530556 0.498438 0.533333 0.499219 0.534722 0.5 0.534722 0.500781 0.536111 0.502344 0.536111 0.503125 0.5375 0.504687 0.5375 0.504687 0.536111 0.505469 0.534722 0.50625 0.534722 0.504687 0.534722 0.503906 0.533333 0.502344 0.533333 0.5 0.529167 0.501562 0.526389 0.502344 0.526389 0.501562 0.526389 0.500781 0.527778 0.5 0.527778 0.498438 0.530556 0.442969 0.516667 0.66875 0.561111 0.204688 0.541667 0.204688 0.538889 0.509375 0.536111 0.510156 0.5375 0.499219 0.515278 0.495312 0.515278 0.432812 0.513889 0.426562 0.513889 0.425781 0.5125 0.425 0.5125 0.424219 0.513889 0.423438 0.5125 0.422656 0.513889 0.421875 0.5125 0.407031 0.5125 0.398438 0.5125 0.398438 0.513889 0.395312 0.513889 0.395312 0.5125 0.332812 0.5125 0.330469 0.5125 0.330469 0.515278 0.296875 0.519444 0.30625 0.519444 0.307031 0.518056 0.494531 0.533333 0.495312 0.534722 0.496094 0.534722 0.496875 0.536111 0.498438 0.536111 0.499219 0.5375 0.500781 0.5375 0.501562 0.538889 0.504687 0.538889 0.504687 0.540278 0.505469 0.541667 0.50625 0.541667 0.507031 0.543056 0.508594 0.543056 0.509375 0.544444 0.510938 0.544444 0.511719 0.545833 0.5125 0.545833 0.513281 0.547222 0.515625 0.547222 0.516406 0.548611 0.519531 0.548611 0.520312 0.55 0.521875 0.55 0.54375 0.526389 0.546094 0.526389 0.546875 0.527778 0.546094 0.527778 0.54375 0.527778 0.54375 0.533333 0.542969 0.534722 0.517188 0.534722 0.509375 0.534722 0.508594 0.533333 0.50625 0.533333 0.505469 0.531944 0.505469 0.526389 0.503125 0.526389 0.502344 0.527778 0.501562 0.527778 0.500781 0.529167 0.423438 0.515278 0.586719 0.534722 0.586719 0.5375 0.19375 0.538889 0.510156 0.536111 0.311719 0.513889 0.310938 0.5125 0.310156 0.5125 0.310156 0.513889 0.296094 0.513889 0.295312 0.513889 0.295312 0.5125 0.296094 0.511111 0.296094 0.484722 0.296875 0.486111 0.298438 0.486111 0.292969 0.484722 0.288281 0.484722 0.288281 0.501389 0.289844 0.501389 0.289844 0.5 0.290625 0.498611 0.291406 0.5 0.291406 0.501389 0.292969 0.501389 0.292969 0.484722 0.298438 0.486111 0.299219 0.4875 0.3 0.4875 0.300781 0.486111 0.301562 0.4875 0.302344 0.4875 0.303125 0.488889 0.303906 0.488889 0.303906 0.490278 0.304688 0.491667 0.30625 0.491667 0.307031 0.493056 0.307812 0.493056 0.308594 0.494444 0.309375 0.494444 0.309375 0.495833 0.310156 0.497222 0.310938 0.497222 0.311719 0.498611 0.3125 0.498611 0.3125 0.505556 0.586719 0.522222 0.586719 0.531944 0.589844 0.531944 0.590625 0.533333 0.596094 0.533333 0.596875 0.534722 0.597656 0.534722 0.675 0.534722 0.675 0.545833 0.747656 0.545833 0.739844 0.545833 0.739062 0.544444 0.730469 0.544444 0.729688 0.543056 0.721875 0.543056 0.721094 0.541667 0.7125 0.541667 0.711719 0.540278 0.710938 0.540278 0.710156 0.541667 0.709375 0.540278 0.703125 0.540278 0.702344 0.538889 0.701562 0.538889 0.701562 0.540278 0.702344 0.541667 0.701562 0.543056 0.700781 0.543056 0.7 0.541667 0.7 0.538889 0.696094 0.538889 0.695312 0.540278 0.694531 0.540278 0.69375 0.538889 0.69375 0.5375 0.686719 0.5375 0.686719 0.538889 0.685938 0.540278 0.685156 0.538889 0.685156 0.5375 0.684375 0.536111 0.675781 0.536111 0.675 0.534722 0.597656 0.534722 0.601562 0.534722 0.602344 0.534722 0.603125 0.536111 0.607812 0.536111 0.608594 0.5375 0.614062 0.5375 0.614844 0.538889 0.620312 0.538889 0.621094 0.540278 0.625781 0.540278 0.626562 0.541667 0.632031 0.541667 0.632812 0.543056 0.639844 0.543056 0.640625 0.544444 0.65625 0.544444 0.657031 0.545833 0.667969 0.545833 0.667969 0.534722 0.666406 0.534722 0.665625 0.533333 0.665625 0.534722 0.664844 0.536111 0.664062 0.534722 0.664062 0.533333 0.661719 0.533333 0.660938 0.534722 0.660156 0.533333 0.657031 0.533333 0.65625 0.531944 0.647656 0.531944 0.646875 0.530556 0.645312 0.530556 0.644531 0.531944 0.64375 0.530556 0.639062 0.530556 0.638281 0.529167 0.638281 0.530556 0.6375 0.531944 0.636719 0.530556 0.636719 0.529167 0.632031 0.529167 0.63125 0.527778 0.63125 0.520833 0.629688 0.520833 0.629688 0.529167 0.628906 0.530556 0.628125 0.529167 0.628125 0.520833 0.625 0.520833 0.624219 0.519444 0.614062 0.519444 0.615625 0.522222 0.614844 0.523611 0.603906 0.523611 0.603125 0.525 0.602344 0.523611 0.601562 0.523611 0.601562 0.525 0.602344 0.526389 0.602344 0.529167 0.601562 0.530556 0.601562 0.534722 0.597656 0.534722 0.597656 0.527778 0.596875 0.527778 0.596094 0.526389 0.596094 0.520833 0.590625 0.520833 0.589844 0.522222 0.586719 0.522222 0.3125 0.505556 0.311719 0.506944 0.310156 0.506944 0.310156 0.505556 0.308594 0.502778 0.307031 0.502778 0.30625 0.501389 0.305469 0.501389 0.304688 0.502778 0.297656 0.502778 0.296094 0.505556 0.296094 0.506944 0.295312 0.506944 0.295312 0.484722 0.296094 0.484722 0.296094 0.511111 0.296094 0.513889 0.310156 0.513889 0.311719 0.513889 0.510156 0.536111 0.511719 0.536111 0.5125 0.5375 0.514062 0.5375 0.514844 0.538889 0.516406 0.538889 0.517188 0.540278 0.517969 0.540278 0.525 0.544444 0.527344 0.544444 0.528125 0.545833 0.532031 0.545833 0.532812 0.547222 0.538281 0.547222 0.539062 0.548611 0.546094 0.548611 0.546875 0.55 0.555469 0.55 0.55625 0.551389 0.566406 0.551389 0.567188 0.552778 0.578906 0.552778 0.579688 0.554167 0.594531 0.554167 0.595312 0.555556 0.6125 0.555556 0.613281 0.556944 0.633594 0.556944 0.634375 0.558333 0.660156 0.558333 0.655469 0.558333 0.654688 0.556944 0.65 0.556944 0.649219 0.555556 0.645312 0.555556 0.644531 0.554167 0.639844 0.554167 0.639062 0.552778 0.634375 0.552778 0.633594 0.551389 0.629688 0.551389 0.628906 0.55 0.624219 0.55 0.623438 0.548611 0.619531 0.548611 0.61875 0.547222 0.614062 0.547222 0.613281 0.545833 0.608594 0.545833 0.607812 0.544444 0.603906 0.544444 0.603125 0.543056 0.598438 0.543056 0.597656 0.541667 0.592969 0.541667 0.592188 0.540278 0.588281 0.540278 0.5875 0.538889 0.586719 0.538889 0.586719 0.55 0.585938 0.551389 0.585156 0.55 0.58125 0.55 0.580469 0.551389 0.579688 0.55 0.575 0.55 0.574219 0.551389 0.572656 0.548611 0.572656 0.547222 0.560156 0.547222 0.558594 0.544444 0.557031 0.544444 0.55625 0.543056 0.55625 0.534722 0.54375 0.534722 0.542969 0.536111 0.535938 0.536111 0.535938 0.543056 0.535156 0.544444 0.525 0.544444 0.517969 0.540278 0.517188 0.538889 0.517188 0.536111 0.510156 0.536111 0.19375 0.538889 0.100781 0.538889 0.1 0.540278 0.086719 0.540278 0.085938 0.541667 0.075 0.541667 0.074219 0.543056 0.066406 0.543056 0.065625 0.544444 0.057812 0.544444 0.057031 0.545833 0.041406 0.545833 0.040625 0.547222 0.028906 0.547222 0.028125 0.548611 0.014062 0.548611 0.013281 0.55 0.005469 0.55 0.004688 0.551389 0.0 0.551389 0.0 0.569444 0.001562 0.569444 0.002344 0.568056 0.010156 0.568056 0.010938 0.566667 0.01875 0.566667 0.019531 0.565278 0.028125 0.565278 0.028906 0.563889 0.036719 0.563889 0.0375 0.5625 0.045312 0.5625 0.046094 0.561111 0.053906 0.561111 0.054688 0.559722 0.0625 0.559722 0.063281 0.558333 0.071094 0.558333 0.071875 0.556944 0.080469 0.556944 0.08125 0.555556 0.089062 0.555556 0.089844 0.554167 0.097656 0.554167 0.098438 0.552778 0.10625 0.552778 0.107031 0.551389 0.114844 0.551389 0.115625 0.55 0.124219 0.55 0.125 0.548611 0.132812 0.548611 0.133594 0.547222 0.141406 0.547222 0.142188 0.545833 0.15 0.545833 0.150781 0.544444 0.158594 0.544444 0.159375 0.543056 0.167969 0.543056 0.16875 0.541667 0.176562 0.541667 0.177344 0.540278 0.185156 0.540278 0.185938 0.538889 0.19375 0.538889 0.586719 0.5375 0.5875 0.5375 0.588281 0.538889 0.592188 0.538889 0.592969 0.540278 0.597656 0.540278 0.598438 0.541667 0.603125 0.541667 0.603906 0.543056 0.607812 0.543056 0.608594 0.544444 0.613281 0.544444 0.614062 0.545833 0.61875 0.545833 0.619531 0.547222 0.623438 0.547222 0.624219 0.548611 0.628906 0.548611 0.629688 0.55 0.633594 0.55 0.634375 0.551389 0.639062 0.551389 0.639844 0.552778 0.644531 0.552778 0.645312 0.554167 0.649219 0.554167 0.65 0.555556 0.654688 0.555556 0.655469 0.556944 0.660156 0.556944 0.660938 0.558333 0.664844 0.558333 0.665625 0.559722 0.70625 0.559722 0.707031 0.561111 0.774219 0.561111 0.775 0.559722 0.864062 0.559722 0.864844 0.558333 0.952344 0.558333 0.953125 0.556944 0.999219 0.556944 0.999219 0.555556 0.998438 0.556944 0.997656 0.556944 0.996875 0.555556 0.996094 0.556944 0.995312 0.555556 0.995312 0.554167 0.994531 0.552778 0.994531 0.544444 0.924219 0.544444 0.924219 0.552778 0.925 0.554167 0.924219 0.555556 0.924219 0.556944 0.923438 0.558333 0.915625 0.558333 0.914844 0.556944 0.914844 0.55 0.914062 0.55 0.9125 0.547222 0.9125 0.545833 0.853906 0.545833 0.853906 0.547222 0.854688 0.548611 0.860938 0.548611 0.861719 0.55 0.865625 0.55 0.866406 0.551389 0.867188 0.55 0.867969 0.551389 0.871094 0.551389 0.871875 0.552778 0.871875 0.556944 0.871094 0.558333 0.835938 0.558333 0.835156 0.556944 0.825 0.556944 0.824219 0.555556 0.821094 0.555556 0.820312 0.554167 0.820312 0.551389 0.821875 0.548611 0.838281 0.548611 0.838281 0.547222 0.839062 0.545833 0.797656 0.545833 0.796875 0.547222 0.675 0.547222 0.675 0.556944 0.674219 0.558333 0.66875 0.558333 0.667969 0.556944 0.667969 0.547222 0.657031 0.547222 0.65625 0.545833 0.640625 0.545833 0.639844 0.544444 0.632812 0.544444 0.632031 0.543056 0.626562 0.543056 0.625781 0.541667 0.621094 0.541667 0.620312 0.540278 0.614844 0.540278 0.614062 0.538889 0.608594 0.538889 0.607812 0.5375 0.603125 0.5375 0.602344 0.536111 0.600781 0.536111 0.600781 0.540278 0.6 0.541667 0.598438 0.541667 0.597656 0.540278 0.597656 0.536111 0.596875 0.536111 0.596094 0.534722 0.586719 0.534722 0.423438 0.515278 0.407031 0.515278 0.40625 0.516667 0.405469 0.515278 0.404688 0.515278 0.403906 0.516667 0.403125 0.515278 0.401562 0.515278 0.400781 0.516667 0.39375 0.516667 0.332812 0.520833 0.332031 0.519444 0.329688 0.519444 0.328125 0.522222 0.327344 0.520833 0.327344 0.519444 0.325 0.519444 0.325781 0.520833 0.325 0.522222 0.324219 0.522222 0.323438 0.520833 0.323438 0.519444 0.316406 0.519444 0.316406 0.522222 0.3125 0.522222 0.3125 0.520833 0.290625 0.520833 0.289844 0.522222 0.270312 0.522222 0.269531 0.523611 0.2625 0.523611 0.261719 0.525 0.2625 0.526389 0.261719 0.527778 0.259375 0.527778 0.257812 0.525 0.257812 0.523611 0.251563 0.523611 0.250781 0.525 0.233594 0.525 0.232812 0.526389 0.216406 0.526389 0.215625 0.527778 0.200781 0.527778 0.2 0.529167 0.185938 0.529167 0.185156 0.530556 0.171875 0.530556 0.171094 0.531944 0.157812 0.531944 0.157031 0.533333 0.149219 0.533333 0.149219 0.5375 0.146094 0.5375 0.146094 0.533333 0.145312 0.533333 0.145312 0.536111 0.144531 0.5375 0.141406 0.5375 0.140625 0.536111 0.141406 0.534722 0.132031 0.534722 0.13125 0.536111 0.119531 0.536111 0.11875 0.5375 0.115625 0.5375 0.146094 0.5375 0.149219 0.5375 0.202344 0.5375 0.203125 0.536111 0.210938 0.536111 0.211719 0.534722 0.220312 0.534722 0.221094 0.533333 0.228906 0.533333 0.229688 0.531944 0.239062 0.531944 0.239844 0.530556 0.249219 0.530556 0.25 0.529167 0.260156 0.529167 0.260938 0.527778 0.271094 0.527778 0.271875 0.526389 0.283594 0.526389 0.284375 0.525 0.297656 0.525 0.298438 0.523611 0.311719 0.523611 0.3125 0.522222 0.316406 0.522222 0.328125 0.522222 0.328906 0.520833 0.332812 0.520833 0.39375 0.516667 0.416406 0.516667 0.417188 0.515278 0.423438 0.515278 0.500781 0.529167 0.501562 0.530556 0.502344 0.530556 0.503125 0.531944 0.503906 0.531944 0.504687 0.533333 0.507031 0.533333 0.507812 0.534722 0.517188 0.534722 0.542969 0.534722 0.54375 0.533333 0.55625 0.533333 0.55625 0.530556 0.551562 0.530556 0.550781 0.529167 0.546875 0.529167 0.546094 0.527778 0.546875 0.527778 0.550781 0.527778 0.551562 0.529167 0.55625 0.529167 0.55625 0.522222 0.557031 0.520833 0.564062 0.520833 0.586719 0.520833 0.589062 0.520833 0.589844 0.519444 0.596094 0.519444 0.596094 0.518056 0.614062 0.518056 0.6125 0.516667 0.6125 0.518056 0.609375 0.518056 0.603906 0.516667 0.603125 0.516667 0.603125 0.519444 0.603906 0.519444 0.603906 0.516667 0.609375 0.518056 0.609375 0.516667 0.6125 0.516667 0.614062 0.518056 0.620312 0.518056 0.615625 0.518056 0.614844 0.516667 0.614062 0.518056 0.596094 0.518056 0.586719 0.518056 0.586719 0.520833 0.564062 0.520833 0.561719 0.520833 0.560938 0.519444 0.555469 0.519444 0.553906 0.522222 0.544531 0.522222 0.54375 0.520833 0.54375 0.526389 0.521875 0.55 0.520312 0.55 0.519531 0.548611 0.517969 0.548611 0.517188 0.547222 0.516406 0.547222 0.515625 0.545833 0.514062 0.545833 0.513281 0.544444 0.511719 0.544444 0.510938 0.543056 0.509375 0.543056 0.508594 0.541667 0.507812 0.541667 0.507031 0.540278 0.503125 0.540278 0.504687 0.540278 0.504687 0.538889 0.503125 0.538889 0.502344 0.5375 0.500781 0.5375 0.5 0.536111 0.499219 0.536111 0.497656 0.533333 0.497656 0.530556 0.498438 0.529167 0.497656 0.530556 0.496094 0.530556 0.494531 0.533333 0.307031 0.518056 0.307812 0.519444 0.308594 0.518056 0.309375 0.518056 0.310156 0.516667 0.311719 0.516667 0.311719 0.518056 0.3125 0.519444 0.323438 0.516667 0.322656 0.518056 0.328906 0.518056 0.258594 0.522222 0.251563 0.522222 0.250781 0.523611 0.233594 0.523611 0.232812 0.525 0.216406 0.525 0.215625 0.526389 0.200781 0.526389 0.2 0.527778 0.185938 0.527778 0.185156 0.529167 0.171875 0.529167 0.171094 0.530556 0.157812 0.530556 0.157031 0.531944 0.149219 0.531944 0.141406 0.531944 0.141406 0.533333 0.132031 0.533333 0.13125 0.534722 0.119531 0.534722 0.11875 0.536111 0.115625 0.536111 0.115625 0.523611 0.117969 0.523611 0.117969 0.533333 0.11875 0.534722 0.119531 0.534722 0.120312 0.533333 0.120312 0.526389 0.119531 0.525 0.119531 0.523611 0.121094 0.523611 0.121875 0.525 0.128906 0.525 0.129688 0.526389 0.130469 0.525 0.132031 0.525 0.132812 0.523611 0.133594 0.525 0.135156 0.525 0.135156 0.529167 0.135938 0.530556 0.136719 0.530556 0.1375 0.531944 0.141406 0.531944 0.149219 0.531944 0.153125 0.531944 0.153906 0.530556 0.157031 0.530556 0.157812 0.529167 0.157812 0.525 0.160156 0.525 0.160938 0.523611 0.163281 0.523611 0.164062 0.525 0.164844 0.523611 0.165625 0.523611 0.166406 0.525 0.167188 0.523611 0.167969 0.523611 0.167969 0.526389 0.16875 0.527778 0.169531 0.526389 0.169531 0.525 0.170312 0.523611 0.171094 0.523611 0.171094 0.525 0.171875 0.526389 0.172656 0.525 0.172656 0.523611 0.186719 0.523611 0.1875 0.525 0.188281 0.523611 0.188281 0.526389 0.189062 0.527778 0.189844 0.527778 0.190625 0.526389 0.190625 0.525 0.191406 0.523611 0.191406 0.526389 0.192188 0.527778 0.197656 0.527778 0.198438 0.526389 0.198438 0.525 0.199219 0.525 0.2 0.523611 0.207031 0.523611 0.207812 0.525 0.208594 0.523611 0.233594 0.523611 0.234375 0.522222 0.251563 0.522222 0.252344 0.520833 0.253125 0.520833 0.253906 0.522222 0.254688 0.520833 0.255469 0.520833 0.25625 0.522222 0.258594 0.522222 0.328906 0.518056 0.329688 0.518056 0.330469 0.516667 0.332031 0.516667 0.332031 0.518056 0.328906 0.518056 0.322656 0.518056 0.316406 0.518056 0.323438 0.518056 0.323438 0.516667 0.3125 0.519444 0.290625 0.519444 0.289844 0.520833 0.270312 0.520833 0.269531 0.522222 0.2625 0.522222 0.2625 0.520833 0.271094 0.520833 0.271875 0.519444 0.289844 0.519444 0.290625 0.518056 0.292188 0.518056 0.292969 0.519444 0.29375 0.518056 0.294531 0.518056 0.295312 0.516667 0.296094 0.516667 0.296094 0.518056 0.296875 0.519444 0.330469 0.515278 0.332812 0.515278 0.332812 0.5125 0.395312 0.5125 0.398438 0.5125 0.407031 0.5125 0.407031 0.513889 0.422656 0.513889 0.423438 0.5125 0.424219 0.513889 0.425 0.513889 0.425781 0.5125 0.426562 0.513889 0.432812 0.513889 0.495312 0.515278 0.496094 0.515278 0.496875 0.513889 0.505469 0.513889 0.5 0.513889 0.499219 0.515278 0.510156 0.5375 0.511719 0.5375 0.5125 0.538889 0.514062 0.538889 0.514844 0.540278 0.516406 0.540278 0.517188 0.541667 0.519531 0.541667 0.520312 0.543056 0.521875 0.543056 0.522656 0.544444 0.524219 0.544444 0.525 0.545833 0.527344 0.545833 0.528125 0.547222 0.532031 0.547222 0.532812 0.548611 0.538281 0.548611 0.539062 0.55 0.545312 0.55 0.546094 0.551389 0.554688 0.551389 0.555469 0.552778 0.565625 0.552778 0.566406 0.554167 0.578906 0.554167 0.579688 0.555556 0.59375 0.555556 0.594531 0.556944 0.611719 0.556944 0.6125 0.558333 0.632812 0.558333 0.633594 0.559722 0.659375 0.559722 0.660156 0.561111 0.667969 0.561111 0.667969 0.565278 0.666406 0.565278 0.665625 0.563889 0.639062 0.563889 0.638281 0.5625 0.617969 0.5625 0.617188 0.561111 0.6 0.561111 0.599219 0.559722 0.584375 0.559722 0.583594 0.558333 0.570312 0.558333 0.569531 0.556944 0.558594 0.556944 0.557812 0.555556 0.547656 0.555556 0.546875 0.554167 0.539062 0.554167 0.538281 0.552778 0.53125 0.552778 0.530469 0.551389 0.525781 0.551389 0.525 0.55 0.522656 0.55 0.521875 0.548611 0.520312 0.548611 0.519531 0.547222 0.517969 0.547222 0.517188 0.545833 0.516406 0.545833 0.515625 0.544444 0.514062 0.544444 0.513281 0.543056 0.511719 0.543056 0.510938 0.541667 0.509375 0.541667 0.508594 0.540278 0.507812 0.540278 0.507031 0.538889 0.505469 0.538889 0.505469 0.536111 0.509375 0.536111 0.204688 0.538889 0.194531 0.538889 0.19375 0.540278 0.185938 0.540278 0.185156 0.541667 0.177344 0.541667 0.176562 0.543056 0.16875 0.543056 0.167969 0.544444 0.159375 0.544444 0.158594 0.545833 0.150781 0.545833 0.15 0.547222 0.142188 0.547222 0.141406 0.548611 0.133594 0.548611 0.132812 0.55 0.125 0.55 0.124219 0.551389 0.115625 0.551389 0.114844 0.552778 0.107031 0.552778 0.10625 0.554167 0.098438 0.554167 0.097656 0.555556 0.089844 0.555556 0.089062 0.556944 0.08125 0.556944 0.080469 0.558333 0.071875 0.558333 0.071094 0.559722 0.063281 0.559722 0.0625 0.561111 0.054688 0.561111 0.053906 0.5625 0.046094 0.5625 0.045312 0.563889 0.0375 0.563889 0.036719 0.565278 0.028906 0.565278 0.028125 0.566667 0.019531 0.566667 0.01875 0.568056 0.010938 0.568056 0.010156 0.569444 0.002344 0.569444 0.001562 0.570833 0.0 0.570833 0.0 0.577778 0.002344 0.577778 0.003125 0.576389 0.010156 0.576389 0.010938 0.575 0.017969 0.575 0.01875 0.573611 0.025781 0.573611 0.026562 0.572222 0.033594 0.572222 0.034375 0.570833 0.041406 0.570833 0.042188 0.569444 0.049219 0.569444 0.05 0.568056 0.057031 0.568056 0.057812 0.566667 0.064844 0.566667 0.065625 0.565278 0.072656 0.565278 0.073438 0.563889 0.080469 0.563889 0.08125 0.5625 0.088281 0.5625 0.089062 0.561111 0.096094 0.561111 0.096875 0.559722 0.103906 0.559722 0.104688 0.558333 0.111719 0.558333 0.1125 0.556944 0.119531 0.556944 0.120312 0.555556 0.127344 0.555556 0.128125 0.554167 0.135156 0.554167 0.135938 0.552778 0.142969 0.552778 0.14375 0.551389 0.150781 0.551389 0.151562 0.55 0.158594 0.55 0.159375 0.548611 0.166406 0.548611 0.167188 0.547222 0.174219 0.547222 0.175 0.545833 0.182031 0.545833 0.182812 0.544444 0.189844 0.544444 0.190625 0.543056 0.197656 0.543056 0.198438 0.541667 0.204688 0.541667 0.66875 0.561111 0.66875 0.565278 0.708594 0.565278 0.709375 0.566667 0.790625 0.566667 0.791406 0.565278 0.871875 0.565278 0.872656 0.563889 0.953125 0.563889 0.953906 0.5625 0.999219 0.5625 0.999219 0.558333 0.953125 0.558333 0.952344 0.559722 0.864844 0.559722 0.864062 0.561111 0.775 0.561111 0.774219 0.5625 0.707031 0.5625 0.70625 0.561111 0.66875 0.561111 0.442969 0.516667 0.417188 0.516667 0.416406 0.518056 0.392188 0.518056 0.391406 0.519444 0.372656 0.520833 0.371875 0.519444 0.367188 0.519444 0.366406 0.520833 0.365625 0.520833 0.360156 0.520833 0.352344 0.520833 0.351562 0.522222 0.333594 0.523611 0.332812 0.522222 0.328906 0.522222 0.328125 0.523611 0.313281 0.523611 0.3125 0.525 0.298438 0.525 0.297656 0.526389 0.285156 0.526389 0.284375 0.527778 0.272656 0.527778 0.271875 0.529167 0.260938 0.529167 0.260156 0.530556 0.25 0.530556 0.249219 0.531944 0.239844 0.531944 0.239062 0.533333 0.230469 0.533333 0.229688 0.534722 0.221094 0.534722 0.220312 0.536111 0.2125 0.536111 0.211719 0.5375 0.203906 0.5375 0.204688 0.5375 0.205469 0.538889 0.205469 0.541667 0.20625 0.540278 0.213281 0.540278 0.214062 0.538889 0.221094 0.538889 0.221875 0.5375 0.228906 0.5375 0.229688 0.536111 0.2375 0.536111 0.238281 0.534722 0.246094 0.534722 0.246875 0.533333 0.255469 0.533333 0.25625 0.531944 0.265625 0.531944 0.266406 0.530556 0.275781 0.530556 0.276562 0.529167 0.2875 0.529167 0.288281 0.527778 0.299219 0.527778 0.3 0.526389 0.3125 0.526389 0.313281 0.525 0.326562 0.525 0.327344 0.523611 0.333594 0.523611 0.3375 0.523611 0.341406 0.523611 0.342188 0.522222 0.346094 0.522222 0.338281 0.522222 0.3375 0.523611 0.333594 0.523611 0.351562 0.522222 0.358594 0.522222 0.359375 0.520833 0.360156 0.520833 0.365625 0.520833 0.372656 0.520833 0.391406 0.519444 0.399219 0.519444 0.4 0.518056 0.425 0.518056 0.425781 0.516667 0.442969 0.516667
80 0.555469 0.518056 0.560938 0.518056 0.561719 0.516667 0.5625 0.518056 0.563281 0.518056 0.5625 0.516667 0.561719 0.516667 0.560938 0.515278 0.555469 0.515278 0.555469 0.518056 0.327344 0.525 0.341406 0.525 0.342188 0.523611 0.346875 0.523611 0.347656 0.525 0.350781 0.525 0.351562 0.523611 0.358594 0.523611 0.359375 0.522222 0.609375 0.515278 0.603906 0.513889 0.603906 0.515278 0.602344 0.515278 0.596875 0.513889 0.585938 0.513889 0.5875 0.513889 0.588281 0.515278 0.5875 0.516667 0.596094 0.516667 0.596875 0.515278 0.596875 0.513889 0.602344 0.515278 0.601562 0.513889 0.603906 0.513889 0.609375 0.515278 0.6125 0.515278 0.6125 0.513889 0.610156 0.513889 0.609375 0.515278 0.359375 0.522222 0.360156 0.522222 0.360938 0.523611 0.364062 0.523611 0.364844 0.522222 0.377344 0.522222 0.378125 0.520833 0.3875 0.520833 0.388281 0.522222 0.389844 0.522222 0.390625 0.520833 0.399219 0.520833 0.4 0.519444 0.417969 0.519444 0.41875 0.520833 0.420312 0.520833 0.421094 0.519444 0.425 0.519444 0.425781 0.518056 0.442969 0.518056 0.44375 0.519444 0.444531 0.519444 0.444531 0.520833 0.446094 0.523611 0.448438 0.523611 0.449219 0.522222 0.449219 0.520833 0.457031 0.520833 0.458594 0.523611 0.460938 0.523611 0.4625 0.520833 0.46875 0.520833 0.469531 0.522222 0.470312 0.522222 0.471094 0.523611 0.471875 0.523611 0.473438 0.520833 0.473438 0.516667 0.477344 0.516667 0.478125 0.518056 0.478906 0.518056 0.479688 0.516667 0.499219 0.516667 0.5 0.515278 0.505469 0.515278 0.505469 0.519444 0.504687 0.520833 0.505469 0.522222 0.505469 0.523611 0.504687 0.525 0.501562 0.525 0.500781 0.526389 0.5 0.526389 0.499219 0.527778 0.498438 0.527778 0.497656 0.529167 0.496094 0.529167 0.49375 0.533333 0.495312 0.536111 0.496094 0.536111 0.496875 0.5375 0.498438 0.5375 0.499219 0.538889 0.500781 0.538889 0.501562 0.540278 0.502344 0.540278 0.503125 0.541667 0.504687 0.541667 0.505469 0.543056 0.50625 0.543056 0.507031 0.544444 0.508594 0.544444 0.509375 0.545833 0.510938 0.545833 0.511719 0.547222 0.5125 0.547222 0.513281 0.548611 0.515625 0.548611 0.516406 0.55 0.519531 0.55 0.520312 0.551389 0.524219 0.551389 0.525 0.552778 0.530469 0.552778 0.53125 0.554167 0.538281 0.554167 0.539062 0.555556 0.546875 0.555556 0.547656 0.556944 0.557812 0.556944 0.558594 0.558333 0.569531 0.558333 0.570312 0.559722 0.583594 0.559722 0.584375 0.561111 0.599219 0.561111 0.6 0.5625 0.617188 0.5625 0.617969 0.563889 0.638281 0.563889 0.639062 0.565278 0.665625 0.565278 0.658594 0.565278 0.657812 0.566667 0.6375 0.566667 0.636719 0.568056 0.621094 0.568056 0.620312 0.569444 0.614062 0.569444 0.613281 0.570833 0.614062 0.572222 0.614844 0.572222 0.615625 0.573611 0.63125 0.573611 0.632031 0.572222 0.648438 0.572222 0.649219 0.570833 0.667188 0.570833 0.667969 0.569444 0.68125 0.569444 0.682031 0.568056 0.68125 0.566667 0.678906 0.566667 0.708594 0.566667 0.709375 0.568056 0.790625 0.568056 0.791406 0.566667 0.871875 0.566667 0.872656 0.565278 0.953125 0.565278 0.953906 0.563889 0.999219 0.563889 0.999219 0.604167 0.961719 0.604167 0.960938 0.605556 0.961719 0.606944 0.997656 0.606944 0.998438 0.608333 0.999219 0.608333 0.999219 0.670833 0.996875 0.670833 0.996094 0.669444 0.992188 0.669444 0.991406 0.668056 0.986719 0.668056 0.985938 0.666667 0.982812 0.666667 0.982031 0.665278 0.978125 0.665278 0.977344 0.663889 0.973438 0.663889 0.972656 0.665278 0.946875 0.665278 0.946094 0.666667 0.921094 0.666667 0.920312 0.668056 0.894531 0.668056 0.89375 0.669444 0.86875 0.669444 0.867969 0.670833 0.84375 0.670833 0.842969 0.672222 0.842188 0.672222 0.841406 0.673611 0.842188 0.675 0.84375 0.675 0.844531 0.676389 0.846875 0.676389 0.847656 0.677778 0.85 0.677778 0.850781 0.679167 0.853125 0.679167 0.853906 0.680556 0.85625 0.680556 0.857031 0.681944 0.859375 0.681944 0.860156 0.683333 0.8625 0.683333 0.863281 0.684722 0.865625 0.684722 0.866406 0.686111 0.867188 0.684722 0.889844 0.684722 0.890625 0.683333 0.913281 0.683333 0.914062 0.681944 0.936719 0.681944 0.9375 0.680556 0.959375 0.680556 0.960156 0.679167 0.978906 0.679167 0.979688 0.677778 0.996094 0.677778 0.996875 0.676389 0.999219 0.676389 0.999219 0.690278 0.988281 0.690278 0.9875 0.691667 0.975 0.691667 0.974219 0.693056 0.960156 0.693056 0.959375 0.694444 0.945312 0.694444 0.944531 0.695833 0.928125 0.695833 0.927344 0.697222 0.90625 0.697222 0.905469 0.698611 0.903125 0.698611 0.902344 0.7 0.903125 0.701389 0.905469 0.701389 0.90625 0.702778 0.908594 0.702778 0.909375 0.704167 0.911719 0.704167 0.9125 0.705556 0.915625 0.705556 0.916406 0.706944 0.91875 0.706944 0.919531 0.708333 0.922656 0.708333 0.923438 0.709722 0.925781 0.709722 0.926562 0.711111 0.929688 0.711111 0.930469 0.7125 0.932812 0.7125 0.933594 0.713889 0.939062 0.713889 0.939844 0.7125 0.952344 0.7125 0.953125 0.711111 0.964844 0.711111 0.965625 0.709722 0.976562 0.709722 0.977344 0.708333 0.989062 0.708333 0.989844 0.706944 0.999219 0.706944 0.999219 0.726389 0.99375 0.726389 0.992969 0.727778 0.983594 0.727778 0.982812 0.729167 0.983594 0.730556 0.984375 0.730556 0.985156 0.731944 0.988281 0.731944 0.989062 0.733333 0.992969 0.733333 0.99375 0.734722 0.996875 0.734722 0.997656 0.736111 0.999219 0.736111 0.999219 0.998611 0.965625 0.998611 0.964844 0.997222 0.964062 0.997222 0.963281 0.995833 0.9625 0.995833 0.961719 0.994444 0.960938 0.994444 0.960156 0.993056 0.959375 0.993056 0.957812 0.990278 0.957031 0.990278 0.95625 0.988889 0.955469 0.988889 0.954688 0.9875 0.953906 0.9875 0.953125 0.986111 0.952344 0.986111 0.951562 0.984722 0.950781 0.984722 0.95 0.983333 0.949219 0.983333 0.948438 0.981944 0.947656 0.981944 0.946875 0.980556 0.946094 0.980556 0.945312 0.979167 0.944531 0.979167 0.94375 0.977778 0.942969 0.977778 0.942188 0.976389 0.941406 0.976389 0.940625 0.975 0.939844 0.975 0.939062 0.973611 0.938281 0.973611 0.9375 0.972222 0.936719 0.972222 0.935938 0.970833 0.935156 0.970833 0.934375 0.969444 0.933594 0.969444 0.932812 0.968056 0.932031 0.968056 0.93125 0.966667 0.930469 0.966667 0.929688 0.965278 0.928906 0.965278 0.928125 0.963889 0.927344 0.963889 0.926562 0.9625 0.925781 0.9625 0.925 0.961111 0.924219 0.961111 0.923438 0.959722 0.922656 0.959722 0.921875 0.958333 0.921094 0.958333 0.920312 0.956944 0.919531 0.956944 0.91875 0.955556 0.917969 0.955556 0.917188 0.954167 0.916406 0.954167 0.915625 0.952778 0.914844 0.952778 0.914062 0.951389 0.913281 0.951389 0.9125 0.95 0.911719 0.95 0.910938 0.948611 0.910156 0.948611 0.909375 0.947222 0.908594 0.947222 0.907812 0.945833 0.907031 0.945833 0.90625 0.944444 0.905469 0.944444 0.904688 0.943056 0.903906 0.943056 0.903125 0.941667 0.902344 0.941667 0.901562 0.940278 0.900781 0.940278 0.9 0.938889 0.898438 0.938889 0.897656 0.9375 0.896875 0.9375 0.896094 0.936111 0.895312 0.936111 0.894531 0.934722 0.89375 0.934722 0.892969 0.933333 0.892188 0.933333 0.891406 0.931944 0.890625 0.931944 0.889844 0.930556 0.889062 0.930556 0.888281 0.929167 0.8875 0.929167 0.886719 0.927778 0.885938 0.927778 0.885156 0.926389 0.884375 0.926389 0.883594 0.925 0.882812 0.925 0.882031 0.923611 0.88125 0.923611 0.880469 0.922222 0.879688 0.922222 0.878906 0.920833 0.878125 0.920833 0.877344 0.919444 0.876562 0.919444 0.875781 0.918056 0.874219 0.918056 0.873438 0.916667 0.872656 0.916667 0.871875 0.915278 0.871094 0.915278 0.870312 0.913889 0.869531 0.913889 0.86875 0.9125 0.867969 0.9125 0.867188 0.911111 0.866406 0.911111 0.865625 0.909722 0.864844 0.909722 0.864062 0.908333 0.863281 0.908333 0.8625 0.906944 0.861719 0.906944 0.860938 0.905556 0.860156 0.905556 0.859375 0.904167 0.858594 0.904167 0.857812 0.902778 0.857031 0.902778 0.85625 0.901389 0.854688 0.901389 0.853906 0.9 0.853125 0.9 0.852344 0.898611 0.851562 0.898611 0.850781 0.897222 0.85 0.897222 0.849219 0.895833 0.848438 0.895833 0.847656 0.894444 0.846875 0.894444 0.846094 0.893056 0.845312 0.893056 0.844531 0.891667 0.842969 0.891667 0.842188 0.890278 0.841406 0.890278 0.840625 0.888889 0.839844 0.888889 0.839062 0.8875 0.8375 0.8875 0.836719 0.886111 0.835938 0.886111 0.835156 0.884722 0.834375 0.884722 0.833594 0.883333 0.832031 0.883333 0.83125 0.881944 0.830469 0.881944 0.829688 0.880556 0.828125 0.880556 0.827344 0.879167 0.826562 0.879167 0.825781 0.877778 0.824219 0.877778 0.823438 0.876389 0.822656 0.876389 0.821875 0.875 0.820312 0.875 0.819531 0.873611 0.817969 0.873611 0.817188 0.872222 0.815625 0.872222 0.814844 0.870833 0.814062 0.870833 0.813281 0.869444 0.811719 0.869444 0.810938 0.868056 0.809375 0.868056 0.808594 0.866667 0.807031 0.866667 0.80625 0.865278 0.804688 0.865278 0.803906 0.863889 0.802344 0.863889 0.801562 0.8625 0.799219 0.8625 0.798438 0.861111 0.796875 0.861111 0.796094 0.859722 0.79375 0.859722 0.792969 0.858333 0.791406 0.858333 0.790625 0.856944 0.788281 0.856944 0.7875 0.855556 0.785156 0.855556 0.784375 0.854167 0.782812 0.854167 0.782031 0.852778 0.779688 0.852778 0.778906 0.851389 0.776562 0.851389 0.775781 0.85 0.773438 0.85 0.772656 0.848611 0.770312 0.848611 0.769531 0.847222 0.767969 0.847222 0.767188 0.845833 0.764844 0.845833 0.764062 0.844444 0.761719 0.844444 0.760938 0.843056 0.758594 0.843056 0.757812 0.841667 0.754688 0.841667 0.753906 0.840278 0.750781 0.840278 0.75 0.838889 0.746094 0.838889 0.745312 0.8375 0.740625 0.8375 0.739844 0.836111 0.732031 0.836111 0.73125 0.834722 0.720312 0.834722 0.719531 0.833333 0.708594 0.833333 0.707812 0.831944 0.698438 0.831944 0.697656 0.830556 0.688281 0.830556 0.6875 0.829167 0.678906 0.829167 0.678125 0.827778 0.669531 0.827778 0.66875 0.826389 0.661719 0.826389 0.660938 0.825 0.653125 0.825 0.652344 0.823611 0.647656 0.823611 0.646875 0.822222 0.645312 0.822222 0.644531 0.820833 0.642969 0.820833 0.642188 0.819444 0.640625 0.819444 0.639844 0.818056 0.6375 0.818056 0.636719 0.816667 0.634375 0.816667 0.633594 0.815278 0.63125 0.815278 0.630469 0.813889 0.625781 0.813889 0.625 0.8125 0.615625 0.8125 0.614844 0.811111 0.605469 0.811111 0.604688 0.809722 0.59375 0.809722 0.592969 0.808333 0.58125 0.808333 0.580469 0.806944 0.567188 0.806944 0.566406 0.805556 0.551562 0.805556 0.550781 0.804167 0.533594 0.804167 0.532812 0.802778 0.514844 0.802778 0.514062 0.804167 0.513281 0.804167 0.5125 0.805556 0.510938 0.805556 0.510156 0.806944 0.504687 0.806944 0.503906 0.805556 0.49375 0.805556 0.492969 0.806944 0.489844 0.806944 0.489062 0.805556 0.486719 0.805556 0.485938 0.804167 0.485156 0.804167 0.484375 0.802778 0.467969 0.802778 0.467188 0.804167 0.449219 0.804167 0.448438 0.805556 0.432031 0.805556 0.43125 0.806944 0.41875 0.806944 0.417969 0.808333 0.40625 0.808333 0.405469 0.809722 0.394531 0.809722 0.39375 0.811111 0.384375 0.811111 0.383594 0.8125 0.374219 0.8125 0.373438 0.813889 0.36875 0.813889 0.367969 0.815278 0.365625 0.815278 0.364844 0.816667 0.361719 0.816667 0.360938 0.818056 0.359375 0.818056 0.358594 0.819444 0.357031 0.819444 0.35625 0.820833 0.354688 0.820833 0.353906 0.822222 0.353125 0.822222 0.352344 0.823611 0.347656 0.823611 0.346875 0.825 0.339062 0.825 0.338281 0.826389 0.330469 0.826389 0.329688 0.827778 0.321094 0.827778 0.320312 0.829167 0.311719 0.829167 0.310938 0.830556 0.300781 0.830556 0.3 0.831944 0.290625 0.831944 0.289844 0.833333 0.279688 0.833333 0.278906 0.834722 0.267969 0.834722 0.267188 0.836111 0.259375 0.836111 0.258594 0.8375 0.253906 0.8375 0.253125 0.838889 0.248438 0.838889 0.247656 0.840278 0.244531 0.840278 0.24375 0.841667 0.242188 0.841667 0.241406 0.843056 0.239062 0.843056 0.238281 0.844444 0.235938 0.844444 0.235156 0.845833 0.232812 0.845833 0.232031 0.847222 0.229688 0.847222 0.228906 0.848611 0.226562 0.848611 0.225781 0.85 0.223438 0.85 0.222656 0.851389 0.220312 0.851389 0.219531 0.852778 0.217188 0.852778 0.216406 0.854167 0.214844 0.854167 0.214062 0.855556 0.211719 0.855556 0.210938 0.856944 0.208594 0.856944 0.207812 0.858333 0.20625 0.858333 0.205469 0.859722 0.203125 0.859722 0.202344 0.861111 0.200781 0.861111 0.2 0.8625 0.197656 0.8625 0.196875 0.863889 0.195312 0.863889 0.194531 0.865278 0.192969 0.865278 0.192188 0.866667 0.190625 0.866667 0.189844 0.868056 0.188281 0.868056 0.1875 0.869444 0.185938 0.869444 0.185156 0.870833 0.184375 0.870833 0.183594 0.872222 0.182031 0.872222 0.18125 0.873611 0.179688 0.873611 0.178906 0.875 0.177344 0.875 0.176562 0.876389 0.175781 0.876389 0.175 0.877778 0.173438 0.877778 0.172656 0.879167 0.171875 0.879167 0.171094 0.880556 0.169531 0.880556 0.16875 0.881944 0.167969 0.881944 0.167188 0.883333 0.165625 0.883333 0.164844 0.884722 0.164062 0.884722 0.163281 0.886111 0.1625 0.886111 0.161719 0.8875 0.160156 0.8875 0.159375 0.888889 0.158594 0.888889 0.157812 0.890278 0.157031 0.890278 0.15625 0.891667 0.154688 0.891667 0.153906 0.893056 0.153125 0.893056 0.152344 0.894444 0.151562 0.894444 0.150781 0.895833 0.15 0.895833 0.149219 0.897222 0.148438 0.897222 0.147656 0.898611 0.146875 0.898611 0.146094 0.9 0.145312 0.9 0.144531 0.901389 0.142969 0.901389 0.142188 0.902778 0.141406 0.902778 0.140625 0.904167 0.139844 0.904167 0.139062 0.905556 0.138281 0.905556 0.1375 0.906944 0.136719 0.906944 0.135938 0.908333 0.135156 0.908333 0.134375 0.909722 0.133594 0.909722 0.132812 0.911111 0.132031 0.911111 0.13125 0.9125 0.130469 0.9125 0.129688 0.913889 0.128906 0.913889 0.128125 0.915278 0.127344 0.915278 0.126562 0.916667 0.125 0.916667 0.124219 0.918056 0.123438 0.918056 0.122656 0.919444 0.121875 0.919444 0.121094 0.920833 0.120312 0.920833 0.119531 0.922222 0.11875 0.922222 0.117969 0.923611 0.117188 0.923611 0.116406 0.925 0.115625 0.925 0.114844 0.926389 0.114062 0.926389 0.113281 0.927778 0.1125 0.927778 0.111719 0.929167 0.110938 0.929167 0.110156 0.930556 0.109375 0.930556 0.108594 0.931944 0.107812 0.931944 0.107031 0.933333 0.10625 0.933333 0.105469 0.934722 0.104688 0.934722 0.103906 0.936111 0.103125 0.936111 0.102344 0.9375 0.101562 0.9375 0.100781 0.938889 0.099219 0.938889 0.098438 0.940278 0.097656 0.940278 0.096875 0.941667 0.096094 0.941667 0.095312 0.943056 0.094531 0.943056 0.09375 0.944444 0.092969 0.944444 0.092188 0.945833 0.091406 0.945833 0.090625 0.947222 0.089844 0.947222 0.089062 0.948611 0.088281 0.948611 0.0875 0.95 0.086719 0.95 0.085938 0.951389 0.085156 0.951389 0.084375 0.952778 0.083594 0.952778 0.082812 0.954167 0.082031 0.954167 0.08125 0.955556 0.080469 0.955556 0.079688 0.956944 0.078906 0.956944 0.078125 0.958333 0.077344 0.958333 0.076562 0.959722 0.075781 0.959722 0.075 0.961111 0.074219 0.961111 0.073438 0.9625 0.072656 0.9625 0.071875 0.963889 0.071094 0.963889 0.070312 0.965278 0.069531 0.965278 0.06875 0.966667 0.067969 0.966667 0.067188 0.968056 0.066406 0.968056 0.065625 0.969444 0.064844 0.969444 0.064062 0.970833 0.063281 0.970833 0.0625 0.972222 0.061719 0.972222 0.060938 0.973611 0.060156 0.973611 0.059375 0.975 0.058594 0.975 0.057812 0.976389 0.057031 0.976389 0.05625 0.977778 0.055469 0.977778 0.054688 0.979167 0.053906 0.979167 0.053125 0.980556 0.052344 0.980556 0.051562 0.981944 0.050781 0.981944 0.05 0.983333 0.049219 0.983333 0.048438 0.984722 0.047656 0.984722 0.046875 0.986111 0.046094 0.986111 0.045312 0.9875 0.044531 0.9875 0.04375 0.988889 0.042969 0.988889 0.042188 0.990278 0.041406 0.990278 0.040625 0.991667 0.039844 0.991667 0.038281 0.994444 0.0375 0.994444 0.036719 0.995833 0.035938 0.995833 0.035156 0.997222 0.034375 0.997222 0.033594 0.998611 0.0 0.998611 0.0 0.725 0.000781 0.725 0.001562 0.723611 0.003906 0.723611 0.004688 0.722222 0.00625 0.722222 0.007031 0.720833 0.009375 0.720833 0.010156 0.719444 0.011719 0.719444 0.0125 0.718056 0.014844 0.718056 0.015625 0.716667 0.017188 0.716667 0.017969 0.715278 0.020312 0.715278 0.021094 0.713889 0.022656 0.713889 0.023438 0.7125 0.025781 0.7125 0.026562 0.711111 0.028906 0.711111 0.029688 0.709722 0.03125 0.709722 0.032031 0.708333 0.034375 0.708333 0.035156 0.706944 0.036719 0.706944 0.0375 0.705556 0.039844 0.705556 0.040625 0.704167 0.042188 0.704167 0.042969 0.702778 0.045312 0.702778 0.046094 0.701389 0.047656 0.701389 0.048438 0.7 0.050781 0.7 0.051562 0.698611 0.053125 0.698611 0.053906 0.697222 0.05625 0.697222 0.057031 0.695833 0.059375 0.695833 0.060156 0.694444 0.061719 0.694444 0.0625 0.693056 0.064844 0.693056 0.065625 0.691667 0.067188 0.691667 0.067969 0.690278 0.070312 0.690278 0.071094 0.688889 0.072656 0.688889 0.073438 0.6875 0.075781 0.6875 0.076562 0.686111 0.078125 0.686111 0.078906 0.684722 0.08125 0.684722 0.082031 0.683333 0.083594 0.683333 0.084375 0.681944 0.086719 0.681944 0.0875 0.680556 0.089062 0.680556 0.089844 0.679167 0.092188 0.679167 0.092969 0.677778 0.095312 0.677778 0.096094 0.676389 0.097656 0.676389 0.098438 0.675 0.100781 0.675 0.101562 0.673611 0.103125 0.673611 0.103906 0.672222 0.10625 0.672222 0.107031 0.670833 0.108594 0.670833 0.109375 0.669444 0.111719 0.669444 0.1125 0.668056 0.114062 0.668056 0.114844 0.666667 0.117188 0.666667 0.117969 0.665278 0.119531 0.665278 0.120312 0.663889 0.122656 0.663889 0.123438 0.6625 0.125 0.6625 0.125781 0.661111 0.128125 0.661111 0.128906 0.659722 0.130469 0.659722 0.13125 0.658333 0.133594 0.658333 0.134375 0.656944 0.136719 0.656944 0.1375 0.655556 0.139062 0.655556 0.139844 0.654167 0.142188 0.654167 0.142969 0.652778 0.144531 0.652778 0.145312 0.651389 0.147656 0.651389 0.148438 0.65 0.15 0.65 0.150781 0.648611 0.153125 0.648611 0.153906 0.647222 0.155469 0.647222 0.15625 0.645833 0.158594 0.645833 0.159375 0.644444 0.160938 0.644444 0.161719 0.643056 0.164062 0.643056 0.164844 0.641667 0.166406 0.641667 0.167188 0.640278 0.169531 0.640278 0.170312 0.638889 0.172656 0.638889 0.173438 0.6375 0.175 0.6375 0.175781 0.636111 0.178125 0.636111 0.178906 0.634722 0.180469 0.634722 0.18125 0.633333 0.183594 0.633333 0.184375 0.631944 0.186719 0.631944 0.1875 0.630556 0.189062 0.630556 0.189844 0.629167 0.192188 0.629167 0.192969 0.627778 0.195312 0.627778 0.196094 0.626389 0.197656 0.626389 0.198438 0.625 0.200781 0.625 0.201562 0.623611 0.203906 0.623611 0.204688 0.622222 0.20625 0.622222 0.207031 0.620833 0.209375 0.620833 0.210156 0.619444 0.211719 0.619444 0.2125 0.618056 0.214844 0.618056 0.215625 0.616667 0.217969 0.616667 0.21875 0.615278 0.220312 0.615278 0.221094 0.613889 0.223438 0.613889 0.224219 0.6125 0.226562 0.6125 0.227344 0.611111 0.228906 0.611111 0.229688 0.609722 0.232031 0.609722 0.232812 0.608333 0.235156 0.608333 0.235938 0.606944 0.2375 0.606944 0.238281 0.605556 0.240625 0.605556 0.241406 0.604167 0.24375 0.604167 0.244531 0.602778 0.246094 0.602778 0.246875 0.601389 0.249219 0.601389 0.25 0.6 0.251563 0.6 0.252344 0.598611 0.254688 0.598611 0.255469 0.597222 0.257031 0.597222 0.257812 0.595833 0.260156 0.595833 0.260938 0.594444 0.2625 0.594444 0.263281 0.593056 0.264844 0.593056 0.265625 0.591667 0.267969 0.591667 0.26875 0.590278 0.270312 0.590278 0.271094 0.588889 0.272656 0.588889 0.273438 0.5875 0.275781 0.5875 0.276562 0.586111 0.278125 0.586111 0.278906 0.584722 0.28125 0.584722 0.282031 0.583333 0.283594 0.583333 0.284375 0.581944 0.285938 0.581944 0.286719 0.580556 0.289062 0.580556 0.289844 0.579167 0.291406 0.579167 0.292188 0.577778 0.29375 0.577778 0.294531 0.576389 0.296875 0.576389 0.297656 0.575 0.299219 0.575 0.3 0.573611 0.301562 0.573611 0.302344 0.572222 0.303906 0.572222 0.304688 0.570833 0.307031 0.570833 0.307812 0.569444 0.309375 0.569444 0.310156 0.568056 0.311719 0.568056 0.3125 0.566667 0.314062 0.566667 0.314844 0.565278 0.314062 0.563889 0.311719 0.563889 0.310938 0.565278 0.309375 0.565278 0.308594 0.566667 0.307031 0.566667 0.30625 0.568056 0.303906 0.568056 0.303125 0.569444 0.301562 0.569444 0.300781 0.570833 0.299219 0.570833 0.298438 0.572222 0.296094 0.572222 0.295312 0.573611 0.29375 0.573611 0.292969 0.575 0.291406 0.575 0.290625 0.576389 0.288281 0.576389 0.2875 0.577778 0.285938 0.577778 0.285156 0.579167 0.282812 0.579167 0.282031 0.580556 0.280469 0.580556 0.279688 0.581944 0.277344 0.581944 0.276562 0.583333 0.275 0.583333 0.274219 0.584722 0.272656 0.584722 0.271875 0.586111 0.269531 0.586111 0.26875 0.5875 0.267188 0.5875 0.266406 0.588889 0.264062 0.588889 0.263281 0.590278 0.261719 0.590278 0.260938 0.591667 0.258594 0.591667 0.257812 0.593056 0.25625 0.593056 0.255469 0.594444 0.253125 0.594444 0.252344 0.595833 0.250781 0.595833 0.25 0.597222 0.247656 0.597222 0.246875 0.598611 0.245312 0.598611 0.244531 0.6 0.242188 0.6 0.241406 0.601389 0.239062 0.601389 0.238281 0.602778 0.236719 0.602778 0.235938 0.604167 0.233594 0.604167 0.232812 0.605556 0.230469 0.605556 0.229688 0.606944 0.227344 0.606944 0.226562 0.608333 0.225 0.608333 0.224219 0.609722 0.221875 0.609722 0.221094 0.611111 0.21875 0.611111 0.217969 0.6125 0.215625 0.6125 0.214844 0.613889 0.213281 0.613889 0.2125 0.615278 0.210156 0.615278 0.209375 0.616667 0.207031 0.616667 0.20625 0.618056 0.204688 0.618056 0.203906 0.619444 0.201562 0.619444 0.200781 0.620833 0.198438 0.620833 0.197656 0.622222 0.195312 0.622222 0.194531 0.623611 0.192969 0.623611 0.192188 0.625 0.189844 0.625 0.189062 0.626389 0.186719 0.626389 0.185938 0.627778 0.183594 0.627778 0.182812 0.629167 0.18125 0.629167 0.180469 0.630556 0.178125 0.630556 0.177344 0.631944 0.175 0.631944 0.174219 0.633333 0.172656 0.633333 0.171875 0.634722 0.169531 0.634722 0.16875 0.636111 0.166406 0.636111 0.165625 0.6375 0.164062 0.6375 0.163281 0.638889 0.160938 0.638889 0.160156 0.640278 0.157812 0.640278 0.157031 0.641667 0.155469 0.641667 0.154688 0.643056 0.152344 0.643056 0.151562 0.644444 0.15 0.644444 0.149219 0.645833 0.146875 0.645833 0.146094 0.647222 0.14375 0.647222 0.142969 0.648611 0.141406 0.648611 0.140625 0.65 0.138281 0.65 0.1375 0.651389 0.135938 0.651389 0.135156 0.652778 0.132812 0.652778 0.132031 0.654167 0.129688 0.654167 0.128906 0.655556 0.127344 0.655556 0.126562 0.656944 0.124219 0.656944 0.123438 0.658333 0.121094 0.658333 0.120312 0.659722 0.11875 0.659722 0.117969 0.661111 0.115625 0.661111 0.114844 0.6625 0.1125 0.6625 0.111719 0.663889 0.110156 0.663889 0.109375 0.665278 0.107031 0.665278 0.10625 0.666667 0.103906 0.666667 0.103125 0.668056 0.101562 0.668056 0.100781 0.669444 0.098438 0.669444 0.097656 0.670833 0.096094 0.670833 0.095312 0.672222 0.092969 0.672222 0.092188 0.673611 0.089844 0.673611 0.089062 0.675 0.0875 0.675 0.086719 0.676389 0.084375 0.676389 0.083594 0.677778 0.08125 0.677778 0.080469 0.679167 0.078906 0.679167 0.078125 0.680556 0.075781 0.680556 0.075 0.681944 0.073438 0.681944 0.072656 0.683333 0.070312 0.683333 0.069531 0.684722 0.067188 0.684722 0.066406 0.686111 0.064844 0.686111 0.064062 0.6875 0.061719 0.6875 0.060938 0.688889 0.058594 0.688889 0.057812 0.690278 0.05625 0.690278 0.055469 0.691667 0.053125 0.691667 0.052344 0.693056 0.050781 0.693056 0.05 0.694444 0.047656 0.694444 0.046875 0.695833 0.044531 0.695833 0.04375 0.697222 0.042188 0.697222 0.041406 0.698611 0.039062 0.698611 0.038281 0.7 0.036719 0.7 0.035938 0.701389 0.033594 0.701389 0.032812 0.702778 0.030469 0.702778 0.029688 0.704167 0.028125 0.704167 0.027344 0.705556 0.025 0.705556 0.024219 0.706944 0.021875 0.706944 0.021094 0.708333 0.019531 0.708333 0.01875 0.709722 0.016406 0.709722 0.015625 0.711111 0.013281 0.711111 0.0125 0.7125 0.010938 0.7125 0.010156 0.713889 0.007812 0.713889 0.007031 0.715278 0.004688 0.715278 0.003906 0.716667 0.002344 0.716667 0.001562 0.718056 0.0 0.718056 0.0 0.713889 0.002344 0.713889 0.003125 0.7125 0.005469 0.7125 0.00625 0.711111 0.008594 0.711111 0.009375 0.709722 0.010938 0.709722 0.011719 0.708333 0.014062 0.708333 0.014844 0.706944 0.017188 0.706944 0.017969 0.705556 0.020312 0.705556 0.021094 0.704167 0.022656 0.704167 0.023438 0.702778 0.025781 0.702778 0.026562 0.701389 0.028906 0.701389 0.029688 0.7 0.03125 0.7 0.032031 0.698611 0.034375 0.698611 0.035156 0.697222 0.0375 0.697222 0.038281 0.695833 0.040625 0.695833 0.041406 0.694444 0.042969 0.694444 0.04375 0.693056 0.046094 0.693056 0.046875 0.691667 0.049219 0.691667 0.05 0.690278 0.052344 0.690278 0.053125 0.688889 0.054688 0.688889 0.055469 0.6875 0.057812 0.6875 0.058594 0.686111 0.060938 0.686111 0.061719 0.684722 0.063281 0.684722 0.064062 0.683333 0.066406 0.683333 0.067188 0.681944 0.069531 0.681944 0.070312 0.680556 0.072656 0.680556 0.073438 0.679167 0.075 0.679167 0.075781 0.677778 0.078125 0.677778 0.078906 0.676389 0.08125 0.676389 0.082031 0.675 0.083594 0.675 0.084375 0.673611 0.086719 0.673611 0.0875 0.672222 0.089844 0.672222 0.090625 0.670833 0.092188 0.670833 0.092969 0.669444 0.095312 0.669444 0.096094 0.668056 0.098438 0.668056 0.099219 0.666667 0.101562 0.666667 0.102344 0.665278 0.103906 0.665278 0.104688 0.663889 0.107031 0.663889 0.107812 0.6625 0.110156 0.6625 0.110938 0.661111 0.113281 0.661111 0.114062 0.659722 0.115625 0.659722 0.116406 0.658333 0.11875 0.658333 0.119531 0.656944 0.121875 0.656944 0.122656 0.655556 0.124219 0.655556 0.125 0.654167 0.127344 0.654167 0.128125 0.652778 0.130469 0.652778 0.13125 0.651389 0.133594 0.651389 0.134375 0.65 0.135938 0.65 0.136719 0.648611 0.139062 0.648611 0.139844 0.647222 0.142188 0.647222 0.142969 0.645833 0.144531 0.645833 0.145312 0.644444 0.147656 0.644444 0.148438 0.643056 0.150781 0.643056 0.151562 0.641667 0.153906 0.641667 0.154688 0.640278 0.15625 0.640278 0.157031 0.638889 0.159375 0.638889 0.160156 0.6375 0.1625 0.6375 0.163281 0.636111 0.165625 0.636111 0.166406 0.634722 0.167969 0.634722 0.16875 0.633333 0.171094 0.633333 0.171875 0.631944 0.174219 0.631944 0.175 0.630556 0.177344 0.630556 0.178125 0.629167 0.180469 0.629167 0.18125 0.627778 0.182812 0.627778 0.183594 0.626389 0.185938 0.626389 0.186719 0.625 0.189062 0.625 0.189844 0.623611 0.192188 0.623611 0.192969 0.622222 0.195312 0.622222 0.196094 0.620833 0.197656 0.620833 0.198438 0.619444 0.200781 0.619444 0.201562 0.618056 0.203906 0.618056 0.204688 0.616667 0.207031 0.616667 0.207812 0.615278 0.210156 0.615278 0.210938 0.613889 0.2125 0.613889 0.213281 0.6125 0.215625 0.6125 0.216406 0.611111 0.21875 0.611111 0.219531 0.609722 0.221875 0.609722 0.222656 0.608333 0.225 0.608333 0.225781 0.606944 0.227344 0.606944 0.228125 0.605556 0.230469 0.605556 0.23125 0.604167 0.233594 0.604167 0.234375 0.602778 0.236719 0.602778 0.2375 0.601389 0.239844 0.601389 0.240625 0.6 0.242188 0.6 0.242969 0.598611 0.245312 0.598611 0.246094 0.597222 0.248438 0.597222 0.249219 0.595833 0.250781 0.595833 0.251563 0.594444 0.253906 0.594444 0.254688 0.593056 0.25625 0.593056 0.257031 0.591667 0.259375 0.591667 0.260156 0.590278 0.261719 0.590278 0.2625 0.588889 0.264844 0.588889 0.265625 0.5875 0.267188 0.5875 0.267969 0.586111 0.270312 0.586111 0.271094 0.584722 0.272656 0.584722 0.273438 0.583333 0.275781 0.583333 0.276562 0.581944 0.278125 0.581944 0.278906 0.580556 0.28125 0.580556 0.282031 0.579167 0.284375 0.579167 0.285156 0.577778 0.286719 0.577778 0.2875 0.576389 0.289062 0.576389 0.289844 0.575 0.292188 0.575 0.292969 0.573611 0.294531 0.573611 0.295312 0.572222 0.297656 0.572222 0.298438 0.570833 0.3 0.570833 0.300781 0.569444 0.302344 0.569444 0.303125 0.568056 0.302344 0.566667 0.3 0.566667 0.299219 0.568056 0.297656 0.568056 0.296875 0.569444 0.294531 0.569444 0.29375 0.570833 0.292188 0.570833 0.291406 0.572222 0.289062 0.572222 0.288281 0.573611 0.286719 0.573611 0.285938 0.575 0.283594 0.575 0.282812 0.576389 0.28125 0.576389 0.280469 0.577778 0.278125 0.577778 0.277344 0.579167 0.275 0.579167 0.274219 0.580556 0.272656 0.580556 0.271875 0.581944 0.269531 0.581944 0.26875 0.583333 0.267188 0.583333 0.266406 0.584722 0.264062 0.584722 0.263281 0.586111 0.260938 0.586111 0.260156 0.5875 0.258594 0.5875 0.257812 0.588889 0.255469 0.588889 0.254688 0.590278 0.252344 0.590278 0.251563 0.591667 0.25 0.591667 0.249219 0.593056 0.246875 0.593056 0.246094 0.594444 0.244531 0.594444 0.24375 0.595833 0.241406 0.595833 0.240625 0.597222 0.238281 0.597222 0.2375 0.598611 0.235938 0.598611 0.235156 0.6 0.232812 0.6 0.232031 0.601389 0.229688 0.601389 0.228906 0.602778 0.226562 0.602778 0.225781 0.604167 0.223438 0.604167 0.222656 0.605556 0.220312 0.605556 0.219531 0.606944 0.217188 0.606944 0.216406 0.608333 0.214062 0.608333 0.213281 0.609722 0.210938 0.609722 0.210156 0.611111 0.208594 0.611111 0.207812 0.6125 0.205469 0.6125 0.204688 0.613889 0.202344 0.613889 0.201562 0.615278 0.199219 0.615278 0.198438 0.616667 0.196094 0.616667 0.195312 0.618056 0.192969 0.618056 0.192188 0.619444 0.189844 0.619444 0.189062 0.620833 0.186719 0.620833 0.185938 0.622222 0.183594 0.622222 0.182812 0.623611 0.18125 0.623611 0.180469 0.625 0.178125 0.625 0.177344 0.626389 0.175 0.626389 0.174219 0.627778 0.171875 0.627778 0.171094 0.629167 0.16875 0.629167 0.167969 0.630556 0.165625 0.630556 0.164844 0.631944 0.1625 0.631944 0.161719 0.633333 0.159375 0.633333 0.158594 0.634722 0.15625 0.634722 0.155469 0.636111 0.153906 0.636111 0.153125 0.6375 0.150781 0.6375 0.15 0.638889 0.147656 0.638889 0.146875 0.640278 0.144531 0.640278 0.14375 0.641667 0.141406 0.641667 0.140625 0.643056 0.139062 0.643056 0.138281 0.644444 0.135938 0.644444 0.135156 0.645833 0.132812 0.645833 0.132031 0.647222 0.129688 0.647222 0.128906 0.648611 0.126562 0.648611 0.125781 0.65 0.124219 0.65 0.123438 0.651389 0.121094 0.651389 0.120312 0.652778 0.117969 0.652778 0.117188 0.654167 0.114844 0.654167 0.114062 0.655556 0.111719 0.655556 0.110938 0.656944 0.109375 0.656944 0.108594 0.658333 0.10625 0.658333 0.105469 0.659722 0.103125 0.659722 0.102344 0.661111 0.1 0.661111 0.099219 0.6625 0.096875 0.6625 0.096094 0.663889 0.094531 0.663889 0.09375 0.665278 0.091406 0.665278 0.090625 0.666667 0.088281 0.666667 0.0875 0.668056 0.085156 0.668056 0.084375 0.669444 0.082031 0.669444 0.08125 0.670833 0.079688 0.670833 0.078906 0.672222 0.076562 0.672222 0.075781 0.673611 0.073438 0.673611 0.072656 0.675 0.070312 0.675 0.069531 0.676389 0.067188 0.676389 0.066406 0.677778 0.064844 0.677778 0.064062 0.679167 0.061719 0.679167 0.060938 0.680556 0.058594 0.680556 0.057812 0.681944 0.055469 0.681944 0.054688 0.683333 0.052344 0.683333 0.051562 0.684722 0.049219 0.684722 0.048438 0.686111 0.046875 0.686111 0.046094 0.6875 0.04375 0.6875 0.042969 0.688889 0.040625 0.688889 0.039844 0.690278 0.0375 0.690278 0.036719 0.691667 0.034375 0.691667 0.033594 0.693056 0.032031 0.693056 0.03125 0.694444 0.028906 0.694444 0.028125 0.695833 0.025781 0.695833 0.025 0.697222 0.022656 0.697222 0.021875 0.698611 0.019531 0.698611 0.01875 0.7 0.017188 0.7 0.016406 0.701389 0.014062 0.701389 0.013281 0.702778 0.010938 0.702778 0.010156 0.704167 0.007812 0.704167 0.007031 0.705556 0.004688 0.705556 0.003906 0.706944 0.001562 0.706944 0.000781 0.708333 0.0 0.708333 0.0 0.633333 0.002344 0.633333 0.003125 0.631944 0.007031 0.631944 0.007812 0.630556 0.011719 0.630556 0.0125 0.629167 0.016406 0.629167 0.017188 0.627778 0.021094 0.627778 0.021875 0.626389 0.025781 0.626389 0.026562 0.625 0.030469 0.625 0.03125 0.623611 0.035156 0.623611 0.035938 0.622222 0.039844 0.622222 0.040625 0.620833 0.044531 0.620833 0.045312 0.619444 0.048438 0.619444 0.049219 0.618056 0.053125 0.618056 0.053906 0.616667 0.057812 0.616667 0.058594 0.615278 0.0625 0.615278 0.063281 0.613889 0.067188 0.613889 0.067969 0.6125 0.067188 0.611111 0.0625 0.611111 0.061719 0.6125 0.057812 0.6125 0.057031 0.613889 0.053125 0.613889 0.052344 0.615278 0.048438 0.615278 0.047656 0.616667 0.04375 0.616667 0.042969 0.618056 0.039062 0.618056 0.038281 0.619444 0.034375 0.619444 0.033594 0.620833 0.029688 0.620833 0.028906 0.622222 0.025 0.622222 0.024219 0.623611 0.020312 0.623611 0.019531 0.625 0.015625 0.625 0.014844 0.626389 0.010938 0.626389 0.010156 0.627778 0.00625 0.627778 0.005469 0.629167 0.001562 0.629167 0.000781 0.630556 0.0 0.630556 0.0 0.580556 0.000781 0.580556 0.001562 0.579167 0.008594 0.579167 0.009375 0.577778 0.016406 0.577778 0.017188 0.576389 0.024219 0.576389 0.025 0.575 0.032031 0.575 0.032812 0.573611 0.039062 0.573611 0.039844 0.572222 0.046875 0.572222 0.047656 0.570833 0.054688 0.570833 0.055469 0.569444 0.0625 0.569444 0.063281 0.568056 0.070312 0.568056 0.071094 0.566667 0.078125 0.566667 0.078906 0.565278 0.085156 0.565278 0.085938 0.563889 0.092969 0.563889 0.09375 0.5625 0.100781 0.5625 0.101562 0.561111 0.108594 0.561111 0.109375 0.559722 0.116406 0.559722 0.117188 0.558333 0.124219 0.558333 0.125 0.556944 0.132031 0.556944 0.132812 0.555556 0.139062 0.555556 0.139844 0.554167 0.146875 0.554167 0.147656 0.552778 0.154688 0.552778 0.155469 0.551389 0.1625 0.551389 0.163281 0.55 0.170312 0.55 0.171094 0.548611 0.178125 0.548611 0.178906 0.547222 0.185156 0.547222 0.185938 0.545833 0.192969 0.545833 0.19375 0.544444 0.200781 0.544444 0.201562 0.543056 0.208594 0.543056 0.209375 0.541667 0.216406 0.541667 0.217188 0.540278 0.224219 0.540278 0.225 0.538889 0.232031 0.538889 0.232812 0.5375 0.239844 0.5375 0.240625 0.536111 0.248438 0.536111 0.249219 0.534722 0.257031 0.534722 0.257812 0.533333 0.267188 0.533333 0.267969 0.531944 0.277344 0.531944 0.278125 0.530556 0.288281 0.530556 0.289062 0.529167 0.3 0.529167 0.300781 0.527778 0.3125 0.527778 0.313281 0.526389 0.326562 0.526389 0.327344 0.525
