9 0.540625 0.459722 0.540625 0.476389 0.542188 0.476389 0.542188 0.472222 0.542969 0.470833 0.54375 0.472222 0.54375 0.476389 0.544531 0.476389 0.544531 0.459722 0.540625 0.459722 0.501562 0.459722 0.500781 0.461111 0.5 0.459722 0.5 0.448611 0.475 0.448611 0.474219 0.447222 0.473438 0.448611 0.473438 0.459722 0.474219 0.461111 0.475 0.459722 0.475 0.448611 0.5 0.448611 0.500781 0.447222 0.501562 0.448611 0.501562 0.459722
82 0.538281 0.472222 0.535156 0.472222 0.535156 0.473611 0.538281 0.473611 0.538281 0.472222 0.5375 0.448611 0.540625 0.448611 0.540625 0.444444 0.5375 0.444444 0.5375 0.448611
9 0.374219 0.455556 0.374219 0.456944 0.375781 0.459722 0.376562 0.458333 0.376562 0.455556 0.374219 0.455556 0.369531 0.456944 0.367969 0.456944 0.36875 0.455556 0.359375 0.456944 0.359375 0.455556 0.374219 0.451389 0.375 0.451389 0.375781 0.45 0.375781 0.447222 0.374219 0.447222 0.369531 0.448611 0.36875 0.448611 0.367969 0.447222 0.36875 0.445833 0.369531 0.445833 0.369531 0.443056 0.367969 0.443056 0.367188 0.444444 0.367969 0.444444 0.36875 0.445833 0.367188 0.448611 0.367188 0.45 0.36875 0.452778 0.369531 0.452778 0.369531 0.448611 0.374219 0.447222 0.375 0.445833 0.375781 0.445833 0.375781 0.447222 0.375781 0.45 0.375 0.45 0.374219 0.451389 0.359375 0.455556 0.358594 0.455556 0.357812 0.454167 0.358594 0.452778 0.358594 0.451389 0.357812 0.451389 0.357812 0.458333 0.357031 0.459722 0.357031 0.461111 0.357812 0.4625 0.357812 0.463889 0.357031 0.465278 0.357031 0.466667 0.357812 0.465278 0.358594 0.465278 0.359375 0.466667 0.359375 0.470833 0.359375 0.459722 0.358594 0.458333 0.359375 0.456944 0.36875 0.455556 0.369531 0.455556 0.369531 0.456944
82 0.357031 0.472222 0.354688 0.472222 0.354688 0.473611 0.357031 0.473611 0.357031 0.472222 0.375 0.454167 0.375781 0.454167 0.375781 0.452778 0.374219 0.452778 0.375 0.454167
9 0.402344 0.466667 0.399219 0.466667 0.399219 0.479167 0.402344 0.479167 0.402344 0.466667 0.458594 0.466667 0.457812 0.466667 0.457812 0.459722 0.458594 0.458333 0.436719 0.456944 0.435938 0.455556 0.435156 0.456944 0.435156 0.466667 0.436719 0.466667 0.436719 0.456944 0.458594 0.458333 0.457812 0.456944 0.457812 0.455556 0.458594 0.456944 0.458594 0.466667
82 0.425 0.461111 0.425 0.4625 0.425781 0.4625 0.425 0.461111 0.404688 0.456944 0.404688 0.452778 0.402344 0.452778 0.402344 0.456944 0.402344 0.454167 0.403125 0.452778 0.404688 0.455556 0.404688 0.456944
2 0.571094 0.497222 0.570312 0.498611 0.560938 0.498611 0.560156 0.5 0.55625 0.5 0.555469 0.501389 0.553906 0.501389 0.552344 0.504167 0.551562 0.504167 0.550781 0.505556 0.550781 0.506944 0.548438 0.511111 0.548438 0.5125 0.547656 0.513889 0.547656 0.515278 0.546875 0.516667 0.545312 0.513889 0.542969 0.513889 0.542188 0.515278 0.542188 0.516667 0.542969 0.518056 0.544531 0.518056 0.545312 0.519444 0.54375 0.522222 0.54375 0.523611 0.542969 0.525 0.542969 0.526389 0.542188 0.527778 0.542188 0.554167 0.542969 0.555556 0.542969 0.558333 0.547656 0.558333 0.547656 0.556944 0.548438 0.555556 0.549219 0.556944 0.549219 0.561111 0.55 0.5625 0.55 0.568056 0.555469 0.568056 0.55625 0.566667 0.55625 0.559722 0.557031 0.558333 0.586719 0.558333 0.5875 0.556944 0.590625 0.556944 0.591406 0.558333 0.591406 0.5625 0.592188 0.563889 0.592188 0.566667 0.596094 0.566667 0.596875 0.568056 0.597656 0.566667 0.598438 0.566667 0.599219 0.565278 0.599219 0.5625 0.6 0.561111 0.6 0.551389 0.600781 0.55 0.600781 0.5375 0.6 0.536111 0.6 0.526389 0.599219 0.525 0.599219 0.519444 0.597656 0.519444 0.596875 0.518056 0.596094 0.518056 0.591406 0.509722 0.591406 0.508333 0.589844 0.505556 0.589062 0.505556 0.5875 0.502778 0.586719 0.502778 0.585938 0.501389 0.585156 0.501389 0.584375 0.5 0.579688 0.5 0.578906 0.498611 0.571875 0.498611
82 0.605469 0.476389 0.604688 0.477778 0.604688 0.505556 0.614844 0.505556 0.615625 0.504167 0.615625 0.477778 0.614844 0.476389 0.605469 0.476389 0.60625 0.451389 0.607812 0.451389 0.608594 0.45 0.608594 0.422222 0.607031 0.422222 0.60625 0.423611 0.60625 0.451389
82 0.560938 0.490278 0.560938 0.493056 0.561719 0.493056 0.561719 0.490278
82 0.267188 0.445833 0.267188 0.465278 0.270312 0.465278 0.270312 0.447222 0.269531 0.445833
82 0.357812 0.466667 0.357812 0.477778 0.358594 0.477778 0.358594 0.466667
82 0.338281 0.491667 0.338281 0.494444 0.339844 0.494444 0.339844 0.491667
2 0.792969 0.494444 0.792188 0.495833 0.776562 0.495833 0.775781 0.497222 0.767188 0.497222 0.766406 0.498611 0.760156 0.498611 0.759375 0.5 0.753125 0.5 0.752344 0.501389 0.745312 0.501389 0.744531 0.5 0.733594 0.5 0.732812 0.501389 0.720312 0.501389 0.719531 0.502778 0.717188 0.502778 0.716406 0.501389 0.703125 0.501389 0.702344 0.502778 0.697656 0.502778 0.696875 0.504167 0.69375 0.504167 0.692969 0.505556 0.690625 0.505556 0.689844 0.506944 0.688281 0.506944 0.6875 0.508333 0.685938 0.508333 0.685156 0.509722 0.684375 0.509722 0.683594 0.511111 0.682812 0.511111 0.68125 0.513889 0.680469 0.513889 0.678906 0.516667 0.678125 0.516667 0.666406 0.5375 0.666406 0.538889 0.660156 0.55 0.660156 0.551389 0.654688 0.561111 0.653906 0.561111 0.653125 0.559722 0.653125 0.558333 0.652344 0.556944 0.652344 0.554167 0.650781 0.551389 0.642188 0.551389 0.641406 0.552778 0.639062 0.552778 0.638281 0.554167 0.636719 0.554167 0.633594 0.559722 0.633594 0.561111 0.632812 0.5625 0.633594 0.563889 0.633594 0.565278 0.634375 0.566667 0.634375 0.568056 0.635156 0.568056 0.635938 0.569444 0.6375 0.569444 0.638281 0.570833 0.634375 0.577778 0.634375 0.579167 0.633594 0.580556 0.633594 0.581944 0.632812 0.583333 0.632812 0.584722 0.632031 0.586111 0.632031 0.588889 0.63125 0.590278 0.63125 0.593056 0.630469 0.594444 0.630469 0.598611 0.629688 0.6 0.629688 0.606944 0.628906 0.608333 0.628906 0.620833 0.628125 0.622222 0.628125 0.641667 0.628906 0.643056 0.628125 0.644444 0.628125 0.648611 0.628906 0.65 0.628906 0.651389 0.630469 0.651389 0.63125 0.652778 0.63125 0.6625 0.632031 0.663889 0.632031 0.670833 0.632812 0.672222 0.632812 0.676389 0.633594 0.677778 0.633594 0.680556 0.634375 0.681944 0.634375 0.684722 0.635938 0.6875 0.635938 0.688889 0.636719 0.690278 0.6375 0.690278 0.638281 0.691667 0.653906 0.691667 0.654688 0.690278 0.655469 0.690278 0.65625 0.688889 0.65625 0.6875 0.657031 0.686111 0.658594 0.688889 0.659375 0.688889 0.660938 0.691667 0.661719 0.691667 0.663281 0.694444 0.664062 0.694444 0.665625 0.697222 0.666406 0.697222 0.66875 0.701389 0.669531 0.701389 0.671094 0.704167 0.671875 0.704167 0.673438 0.706944 0.674219 0.706944 0.676562 0.711111 0.677344 0.711111 0.678906 0.713889 0.679688 0.713889 0.68125 0.716667 0.682031 0.716667 0.684375 0.720833 0.685156 0.720833 0.686719 0.723611 0.6875 0.723611 0.689844 0.727778 0.690625 0.727778 0.692188 0.730556 0.692969 0.730556 0.694531 0.733333 0.694531 0.734722 0.695312 0.736111 0.695312 0.7375 0.696094 0.738889 0.696094 0.740278 0.696875 0.741667 0.697656 0.741667 0.699219 0.744444 0.704688 0.744444 0.705469 0.745833 0.705469 0.752778 0.70625 0.754167 0.70625 0.759722 0.707031 0.761111 0.707031 0.768056 0.707812 0.769444 0.707812 0.772222 0.708594 0.773611 0.708594 0.779167 0.709375 0.780556 0.709375 0.783333 0.710156 0.784722 0.710156 0.7875 0.710938 0.788889 0.710938 0.791667 0.711719 0.793056 0.711719 0.795833 0.7125 0.797222 0.7125 0.798611 0.713281 0.8 0.713281 0.801389 0.714062 0.802778 0.714062 0.804167 0.714844 0.805556 0.714844 0.806944 0.715625 0.808333 0.715625 0.809722 0.717188 0.8125 0.717188 0.813889 0.71875 0.816667 0.71875 0.818056 0.723438 0.826389 0.724219 0.826389 0.725 0.827778 0.725781 0.827778 0.726562 0.829167 0.728906 0.829167 0.729688 0.830556 0.755469 0.830556 0.75625 0.829167 0.759375 0.829167 0.760156 0.827778 0.760938 0.827778 0.764844 0.820833 0.764844 0.819444 0.766406 0.816667 0.766406 0.815278 0.767188 0.813889 0.767188 0.811111 0.767969 0.809722 0.767969 0.808333 0.76875 0.806944 0.76875 0.804167 0.769531 0.802778 0.773438 0.802778 0.774219 0.804167 0.775781 0.804167 0.776562 0.805556 0.778125 0.805556 0.778906 0.806944 0.780469 0.806944 0.78125 0.808333 0.783594 0.808333 0.784375 0.809722 0.786719 0.809722 0.7875 0.811111 0.790625 0.811111 0.791406 0.8125 0.794531 0.8125 0.795312 0.813889 0.799219 0.813889 0.8 0.815278 0.803906 0.815278 0.804688 0.816667 0.809375 0.816667 0.810156 0.818056 0.814844 0.818056 0.815625 0.819444 0.820312 0.819444 0.821094 0.820833 0.825 0.820833 0.825781 0.822222 0.832031 0.822222 0.832812 0.823611 0.839062 0.823611 0.839844 0.825 0.841406 0.825 0.842188 0.823611 0.842969 0.825 0.848438 0.825 0.849219 0.823611 0.873438 0.823611 0.874219 0.825 0.885938 0.825 0.886719 0.826389 0.903906 0.826389 0.904688 0.827778 0.923438 0.827778 0.924219 0.829167 0.925781 0.829167 0.926562 0.830556 0.928906 0.830556 0.929688 0.831944 0.958594 0.831944 0.959375 0.830556 0.9625 0.830556 0.963281 0.829167 0.964844 0.829167 0.965625 0.827778 0.969531 0.827778 0.970312 0.826389 0.983594 0.826389 0.984375 0.825 0.999219 0.825 0.999219 0.616667 0.998438 0.615278 0.997656 0.615278 0.996875 0.613889 0.996875 0.605556 0.996094 0.604167 0.994531 0.604167 0.99375 0.602778 0.992188 0.602778 0.991406 0.601389 0.989844 0.601389 0.989062 0.6 0.9875 0.6 0.986719 0.598611 0.985156 0.598611 0.984375 0.597222 0.982812 0.597222 0.982031 0.595833 0.980469 0.595833 0.979688 0.594444 0.978125 0.594444 0.977344 0.593056 0.975781 0.593056 0.975 0.591667 0.973438 0.591667 0.972656 0.590278 0.971875 0.590278 0.971094 0.588889 0.969531 0.588889 0.96875 0.5875 0.967969 0.5875 0.966406 0.584722 0.965625 0.584722 0.964844 0.583333 0.964062 0.583333 0.963281 0.581944 0.9625 0.581944 0.960938 0.579167 0.960156 0.579167 0.959375 0.577778 0.958594 0.577778 0.957031 0.575 0.95625 0.575 0.954688 0.572222 0.953906 0.572222 0.953125 0.570833 0.952344 0.570833 0.950781 0.568056 0.95 0.568056 0.949219 0.566667 0.948438 0.566667 0.946875 0.563889 0.946094 0.563889 0.945312 0.5625 0.944531 0.5625 0.942969 0.559722 0.942188 0.559722 0.941406 0.558333 0.940625 0.558333 0.939062 0.555556 0.938281 0.555556 0.9375 0.554167 0.936719 0.554167 0.935156 0.551389 0.934375 0.551389 0.933594 0.55 0.932812 0.55 0.932031 0.548611 0.93125 0.548611 0.930469 0.547222 0.929688 0.547222 0.928906 0.545833 0.928125 0.545833 0.927344 0.544444 0.926562 0.544444 0.925781 0.543056 0.925 0.543056 0.924219 0.541667 0.923438 0.541667 0.922656 0.540278 0.921875 0.540278 0.921094 0.538889 0.920312 0.538889 0.919531 0.5375 0.917969 0.5375 0.917188 0.536111 0.916406 0.536111 0.915625 0.534722 0.914062 0.534722 0.913281 0.533333 0.9125 0.533333 0.911719 0.531944 0.910938 0.531944 0.910156 0.530556 0.908594 0.530556 0.907812 0.529167 0.90625 0.529167 0.905469 0.527778 0.904688 0.527778 0.903906 0.526389 0.902344 0.526389 0.901562 0.525 0.900781 0.525 0.9 0.523611 0.898438 0.523611 0.897656 0.522222 0.896875 0.522222 0.896094 0.520833 0.894531 0.520833 0.89375 0.519444 0.892188 0.519444 0.891406 0.518056 0.889844 0.518056 0.889062 0.516667 0.8875 0.516667 0.886719 0.515278 0.884375 0.515278 0.883594 0.513889 0.882031 0.513889 0.88125 0.5125 0.878906 0.5125 0.878125 0.511111 0.875781 0.511111 0.875 0.509722 0.873438 0.509722 0.872656 0.508333 0.870312 0.508333 0.869531 0.506944 0.867188 0.506944 0.866406 0.505556 0.863281 0.505556 0.8625 0.504167 0.859375 0.504167 0.858594 0.502778 0.853906 0.502778 0.853125 0.501389 0.844531 0.501389 0.84375 0.5 0.8375 0.5 0.836719 0.498611 0.828906 0.498611 0.828125 0.497222 0.820312 0.497222 0.819531 0.495833 0.804688 0.495833 0.803906 0.494444
2 0.332031 0.527778 0.33125 0.527778 0.33125 0.529167 0.332031 0.529167 0.332031 0.527778 0.339844 0.527778 0.352344 0.527778 0.353125 0.529167 0.353125 0.530556 0.35625 0.530556 0.35625 0.529167 0.357812 0.526389 0.3625 0.526389 0.364062 0.529167 0.366406 0.529167 0.366406 0.527778 0.367188 0.526389 0.367188 0.5125 0.366406 0.511111 0.366406 0.509722 0.364062 0.505556 0.364062 0.504167 0.361719 0.5 0.361719 0.498611 0.358594 0.498611 0.357812 0.497222 0.342969 0.497222 0.339844 0.502778 0.339844 0.506944 0.340625 0.508333 0.340625 0.522222 0.339844 0.523611 0.339844 0.527778
2 0.523438 0.498611 0.521875 0.498611 0.522656 0.5 0.523438 0.5 0.523438 0.498611 0.54375 0.490278 0.544531 0.491667 0.5375 0.488889 0.530469 0.488889 0.529688 0.490278 0.528906 0.490278 0.528125 0.488889 0.526562 0.491667 0.526562 0.493056 0.525781 0.494444 0.525781 0.497222 0.525 0.498611 0.525 0.501389 0.524219 0.502778 0.524219 0.504167 0.523438 0.505556 0.523438 0.526389 0.524219 0.527778 0.526562 0.527778 0.526562 0.520833 0.527344 0.519444 0.532812 0.519444 0.532812 0.508333 0.533594 0.506944 0.533594 0.505556 0.535156 0.502778 0.535156 0.498611 0.535938 0.497222 0.535938 0.495833 0.535156 0.494444 0.535156 0.493056 0.535938 0.491667 0.536719 0.491667 0.536719 0.490278 0.5375 0.488889 0.544531 0.491667 0.544531 0.493056 0.542188 0.493056 0.542188 0.490278 0.54375 0.490278
2 0.307031 0.4875 0.30625 0.488889 0.304688 0.488889 0.303125 0.491667 0.303125 0.493056 0.300781 0.497222 0.300781 0.498611 0.3 0.5 0.298438 0.497222 0.297656 0.497222 0.296875 0.498611 0.296875 0.501389 0.297656 0.501389 0.298438 0.502778 0.297656 0.504167 0.296094 0.504167 0.295312 0.505556 0.295312 0.509722 0.294531 0.511111 0.295312 0.5125 0.295312 0.531944 0.29375 0.534722 0.292969 0.534722 0.292188 0.536111 0.292969 0.5375 0.29375 0.536111 0.298438 0.536111 0.298438 0.534722 0.299219 0.533333 0.299219 0.530556 0.3 0.529167 0.307812 0.529167 0.308594 0.530556 0.308594 0.531944 0.309375 0.533333 0.314062 0.533333 0.314844 0.531944 0.314844 0.529167 0.315625 0.527778 0.317188 0.527778 0.31875 0.530556 0.31875 0.534722 0.320312 0.5375 0.324219 0.5375 0.325 0.536111 0.325 0.534722 0.325781 0.533333 0.325781 0.529167 0.326562 0.527778 0.328125 0.527778 0.328906 0.526389 0.332031 0.526389 0.332812 0.527778 0.332812 0.530556 0.333594 0.531944 0.333594 0.533333 0.338281 0.533333 0.339062 0.531944 0.339062 0.523611 0.339844 0.522222 0.339844 0.508333 0.339062 0.506944 0.339062 0.502778 0.338281 0.501389 0.338281 0.5 0.3375 0.498611 0.3375 0.495833 0.336719 0.494444 0.336719 0.493056 0.335938 0.491667 0.335938 0.490278 0.335156 0.488889 0.334375 0.488889 0.333594 0.4875
2 0.102344 0.475 0.101562 0.476389 0.099219 0.476389 0.098438 0.477778 0.09375 0.477778 0.092969 0.479167 0.091406 0.479167 0.089844 0.481944 0.089062 0.481944 0.0875 0.484722 0.086719 0.484722 0.084375 0.488889 0.083594 0.488889 0.08125 0.493056 0.080469 0.493056 0.078906 0.495833 0.078125 0.495833 0.077344 0.497222 0.075781 0.494444 0.073438 0.494444 0.071875 0.497222 0.071875 0.504167 0.071094 0.505556 0.069531 0.505556 0.06875 0.506944 0.064062 0.506944 0.063281 0.508333 0.058594 0.508333 0.057812 0.509722 0.053125 0.509722 0.052344 0.511111 0.046875 0.511111 0.046094 0.5125 0.042969 0.5125 0.042188 0.513889 0.040625 0.513889 0.038281 0.518056 0.038281 0.520833 0.036719 0.523611 0.036719 0.525 0.035938 0.526389 0.035938 0.527778 0.033594 0.531944 0.032812 0.531944 0.029688 0.5375 0.029688 0.558333 0.028906 0.559722 0.028906 0.561111 0.029688 0.5625 0.029688 0.563889 0.034375 0.563889 0.035156 0.565278 0.036719 0.565278 0.0375 0.566667 0.0375 0.569444 0.038281 0.570833 0.038281 0.572222 0.041406 0.577778 0.042188 0.577778 0.042969 0.579167 0.04375 0.579167 0.044531 0.580556 0.054688 0.580556 0.055469 0.579167 0.061719 0.579167 0.0625 0.577778 0.063281 0.577778 0.067188 0.570833 0.067188 0.569444 0.06875 0.566667 0.069531 0.566667 0.070312 0.568056 0.076562 0.568056 0.077344 0.566667 0.09375 0.566667 0.094531 0.568056 0.094531 0.570833 0.095312 0.572222 0.095312 0.573611 0.096094 0.575 0.096094 0.576389 0.099219 0.581944 0.1 0.581944 0.100781 0.583333 0.114844 0.583333 0.115625 0.581944 0.117188 0.581944 0.11875 0.579167 0.119531 0.579167 0.120312 0.577778 0.120312 0.576389 0.121875 0.573611 0.121875 0.572222 0.122656 0.570833 0.122656 0.569444 0.124219 0.566667 0.13125 0.566667 0.132031 0.565278 0.136719 0.565278 0.138281 0.5625 0.138281 0.561111 0.139062 0.559722 0.14375 0.559722 0.144531 0.558333 0.150781 0.558333 0.151562 0.556944 0.157031 0.556944 0.157812 0.555556 0.164062 0.555556 0.164844 0.554167 0.165625 0.555556 0.165625 0.559722 0.166406 0.561111 0.166406 0.5625 0.167188 0.563889 0.167188 0.565278 0.16875 0.568056 0.171875 0.568056 0.172656 0.569444 0.178125 0.569444 0.178906 0.568056 0.182812 0.568056 0.183594 0.566667 0.183594 0.565278 0.185156 0.5625 0.185156 0.561111 0.185938 0.559722 0.185938 0.558333 0.186719 0.556944 0.186719 0.55 0.188281 0.547222 0.189844 0.547222 0.190625 0.545833 0.191406 0.545833 0.191406 0.544444 0.192188 0.543056 0.192188 0.533333 0.192969 0.531944 0.192188 0.530556 0.192188 0.529167 0.191406 0.527778 0.191406 0.513889 0.190625 0.5125 0.190625 0.509722 0.189844 0.508333 0.189844 0.505556 0.1875 0.501389 0.1875 0.498611 0.186719 0.497222 0.186719 0.495833 0.185938 0.494444 0.185938 0.493056 0.185156 0.491667 0.185156 0.490278 0.184375 0.488889 0.184375 0.4875 0.183594 0.486111 0.183594 0.481944 0.182812 0.481944 0.182031 0.480556 0.179688 0.480556 0.178906 0.479167 0.175781 0.479167 0.175 0.477778 0.165625 0.477778 0.164844 0.476389 0.139844 0.476389 0.139062 0.475 0.1125 0.475 0.111719 0.476389 0.107031 0.476389 0.10625 0.475
2 0.557812 0.505556 0.557812 0.506944 0.5625 0.506944 0.563281 0.508333 0.565625 0.508333 0.566406 0.509722 0.566406 0.513889 0.569531 0.513889 0.569531 0.5125 0.570312 0.511111 0.571875 0.511111 0.571094 0.509722 0.571094 0.505556 0.570312 0.504167 0.569531 0.505556 0.56875 0.505556 0.567969 0.506944 0.564844 0.506944 0.564062 0.505556 0.564062 0.504167 0.560156 0.504167 0.559375 0.505556 0.557812 0.505556 0.534375 0.501389 0.534375 0.498611 0.535938 0.498611 0.535938 0.502778 0.534375 0.505556 0.534375 0.506944 0.533594 0.508333 0.533594 0.540278 0.534375 0.541667 0.534375 0.544444 0.539062 0.544444 0.539062 0.533333 0.539844 0.531944 0.541406 0.531944 0.541406 0.527778 0.542188 0.526389 0.542188 0.525 0.542969 0.523611 0.542969 0.522222 0.544531 0.519444 0.542969 0.519444 0.541406 0.516667 0.541406 0.515278 0.542969 0.5125 0.545312 0.5125 0.546875 0.515278 0.546875 0.513889 0.547656 0.5125 0.547656 0.511111 0.55 0.506944 0.55 0.505556 0.551562 0.502778 0.552344 0.502778 0.553906 0.5 0.555469 0.5 0.554688 0.498611 0.554688 0.494444 0.551562 0.494444 0.551562 0.498611 0.550781 0.5 0.55 0.5 0.549219 0.498611 0.548438 0.498611 0.547656 0.5 0.546875 0.498611 0.546875 0.494444 0.542188 0.494444 0.541406 0.495833 0.540625 0.494444 0.540625 0.493056 0.541406 0.491667 0.541406 0.490278 0.542188 0.488889 0.548438 0.488889 0.549219 0.490278 0.549219 0.491667 0.552344 0.491667 0.552344 0.490278 0.553125 0.488889 0.561719 0.488889 0.5625 0.490278 0.5625 0.493056 0.561719 0.494444 0.559375 0.494444 0.558594 0.495833 0.558594 0.498611 0.560156 0.498611 0.560938 0.497222 0.56875 0.497222 0.56875 0.494444 0.567969 0.493056 0.567969 0.490278 0.567188 0.488889 0.567188 0.4875 0.566406 0.486111 0.566406 0.484722 0.565625 0.484722 0.564844 0.483333 0.54375 0.483333 0.542969 0.484722 0.542188 0.484722 0.541406 0.483333 0.540625 0.483333 0.540625 0.484722 0.539844 0.486111 0.539062 0.486111 0.538281 0.4875 0.538281 0.488889 0.5375 0.490278 0.5375 0.493056 0.536719 0.494444 0.536719 0.497222 0.535938 0.498611 0.534375 0.498611 0.533594 0.497222 0.532812 0.497222 0.532031 0.498611 0.532031 0.501389 0.532812 0.502778 0.533594 0.501389 0.534375 0.501389
82 0.376562 0.445833 0.376562 0.454167 0.377344 0.454167 0.377344 0.451389 0.376562 0.45 0.377344 0.448611 0.377344 0.445833
82 0.373438 0.444444 0.373438 0.445833 0.372656 0.447222 0.372656 0.452778 0.373438 0.452778 0.372656 0.451389 0.372656 0.448611 0.373438 0.447222
82 0.360938 0.488889 0.360938 0.497222 0.361719 0.497222 0.361719 0.488889
82 0.360156 0.477778 0.360156 0.4875 0.360938 0.4875 0.360938 0.477778
82 0.402344 0.481944 0.402344 0.488889 0.404688 0.488889 0.404688 0.481944
82 0.510156 0.45 0.510156 0.458333 0.5125 0.458333 0.5125 0.45
82 0.446094 0.456944 0.445312 0.458333 0.445312 0.463889 0.447656 0.463889 0.447656 0.456944
0 0.7375 0.479167 0.738281 0.480556 0.738281 0.481944 0.7375 0.483333 0.738281 0.484722 0.738281 0.4875 0.739062 0.488889 0.736719 0.493056 0.735938 0.493056 0.734375 0.495833 0.734375 0.497222 0.733594 0.498611 0.744531 0.498611 0.745312 0.5 0.748438 0.5 0.748438 0.498611 0.747656 0.497222 0.747656 0.494444 0.746094 0.491667 0.744531 0.491667 0.742188 0.4875 0.742188 0.486111 0.742969 0.484722 0.742969 0.481944 0.74375 0.480556 0.742969 0.480556 0.742188 0.479167
2 0.467969 0.804167 0.467188 0.805556 0.449219 0.805556 0.448438 0.806944 0.432031 0.806944 0.43125 0.808333 0.41875 0.808333 0.417969 0.809722 0.40625 0.809722 0.405469 0.811111 0.394531 0.811111 0.39375 0.8125 0.384375 0.8125 0.383594 0.813889 0.374219 0.813889 0.373438 0.815278 0.36875 0.815278 0.367969 0.816667 0.365625 0.816667 0.364844 0.818056 0.3625 0.818056 0.361719 0.819444 0.359375 0.819444 0.358594 0.820833 0.357031 0.820833 0.35625 0.822222 0.354688 0.822222 0.353906 0.823611 0.353125 0.823611 0.352344 0.825 0.347656 0.825 0.346875 0.826389 0.339062 0.826389 0.338281 0.827778 0.330469 0.827778 0.329688 0.829167 0.321094 0.829167 0.320312 0.830556 0.311719 0.830556 0.310938 0.831944 0.300781 0.831944 0.3 0.833333 0.290625 0.833333 0.289844 0.834722 0.279688 0.834722 0.278906 0.836111 0.267969 0.836111 0.267188 0.8375 0.259375 0.8375 0.258594 0.838889 0.253906 0.838889 0.253125 0.840278 0.248438 0.840278 0.247656 0.841667 0.244531 0.841667 0.24375 0.843056 0.242188 0.843056 0.241406 0.844444 0.239062 0.844444 0.238281 0.845833 0.235938 0.845833 0.235156 0.847222 0.232812 0.847222 0.232031 0.848611 0.229688 0.848611 0.228906 0.85 0.226562 0.85 0.225781 0.851389 0.223438 0.851389 0.222656 0.852778 0.220312 0.852778 0.219531 0.854167 0.217188 0.854167 0.216406 0.855556 0.214844 0.855556 0.214062 0.856944 0.211719 0.856944 0.210938 0.858333 0.208594 0.858333 0.207812 0.859722 0.20625 0.859722 0.205469 0.861111 0.203125 0.861111 0.202344 0.8625 0.200781 0.8625 0.2 0.863889 0.197656 0.863889 0.196875 0.865278 0.195312 0.865278 0.194531 0.866667 0.192969 0.866667 0.192188 0.868056 0.190625 0.868056 0.189844 0.869444 0.188281 0.869444 0.1875 0.870833 0.185938 0.870833 0.185156 0.872222 0.184375 0.872222 0.183594 0.873611 0.182031 0.873611 0.18125 0.875 0.179688 0.875 0.178906 0.876389 0.177344 0.876389 0.176562 0.877778 0.175781 0.877778 0.175 0.879167 0.173438 0.879167 0.172656 0.880556 0.171875 0.880556 0.171094 0.881944 0.169531 0.881944 0.16875 0.883333 0.167969 0.883333 0.167188 0.884722 0.165625 0.884722 0.164844 0.886111 0.164062 0.886111 0.163281 0.8875 0.1625 0.8875 0.161719 0.888889 0.160156 0.888889 0.159375 0.890278 0.158594 0.890278 0.157812 0.891667 0.157031 0.891667 0.15625 0.893056 0.154688 0.893056 0.153906 0.894444 0.153125 0.894444 0.152344 0.895833 0.151562 0.895833 0.150781 0.897222 0.15 0.897222 0.149219 0.898611 0.148438 0.898611 0.147656 0.9 0.146875 0.9 0.146094 0.901389 0.145312 0.901389 0.144531 0.902778 0.142969 0.902778 0.142188 0.904167 0.141406 0.904167 0.140625 0.905556 0.139844 0.905556 0.139062 0.906944 0.138281 0.906944 0.1375 0.908333 0.136719 0.908333 0.135938 0.909722 0.135156 0.909722 0.134375 0.911111 0.133594 0.911111 0.132812 0.9125 0.132031 0.9125 0.13125 0.913889 0.130469 0.913889 0.129688 0.915278 0.128906 0.915278 0.128125 0.916667 0.127344 0.916667 0.126562 0.918056 0.125781 0.918056 0.125 0.919444 0.123438 0.919444 0.122656 0.920833 0.121875 0.920833 0.121094 0.922222 0.120312 0.922222 0.119531 0.923611 0.11875 0.923611 0.117969 0.925 0.117188 0.925 0.116406 0.926389 0.115625 0.926389 0.114844 0.927778 0.114062 0.927778 0.113281 0.929167 0.1125 0.929167 0.111719 0.930556 0.110938 0.930556 0.110156 0.931944 0.109375 0.931944 0.108594 0.933333 0.107812 0.933333 0.107031 0.934722 0.10625 0.934722 0.105469 0.936111 0.104688 0.936111 0.103906 0.9375 0.103125 0.9375 0.102344 0.938889 0.101562 0.938889 0.100781 0.940278 0.099219 0.940278 0.098438 0.941667 0.097656 0.941667 0.096875 0.943056 0.096094 0.943056 0.095312 0.944444 0.094531 0.944444 0.09375 0.945833 0.092969 0.945833 0.092188 0.947222 0.091406 0.947222 0.090625 0.948611 0.089844 0.948611 0.089062 0.95 0.088281 0.95 0.0875 0.951389 0.086719 0.951389 0.085938 0.952778 0.085156 0.952778 0.084375 0.954167 0.083594 0.954167 0.082812 0.955556 0.082031 0.955556 0.08125 0.956944 0.080469 0.956944 0.079688 0.958333 0.078906 0.958333 0.078125 0.959722 0.077344 0.959722 0.076562 0.961111 0.075781 0.961111 0.075 0.9625 0.074219 0.9625 0.073438 0.963889 0.072656 0.963889 0.071875 0.965278 0.071094 0.965278 0.070312 0.966667 0.069531 0.966667 0.06875 0.968056 0.067969 0.968056 0.067188 0.969444 0.066406 0.969444 0.065625 0.970833 0.064844 0.970833 0.064062 0.972222 0.063281 0.972222 0.0625 0.973611 0.061719 0.973611 0.060938 0.975 0.060156 0.975 0.059375 0.976389 0.058594 0.976389 0.057812 0.977778 0.057031 0.977778 0.05625 0.979167 0.055469 0.979167 0.054688 0.980556 0.053906 0.980556 0.053125 0.981944 0.052344 0.981944 0.051562 0.983333 0.050781 0.983333 0.05 0.984722 0.049219 0.984722 0.048438 0.986111 0.047656 0.986111 0.046875 0.9875 0.046094 0.9875 0.045312 0.988889 0.044531 0.988889 0.04375 0.990278 0.042969 0.990278 0.041406 0.993056 0.040625 0.993056 0.039844 0.994444 0.039062 0.994444 0.038281 0.995833 0.0375 0.995833 0.036719 0.997222 0.035938 0.997222 0.035156 0.998611 0.034375 0.998611 0.964844 0.998611 0.964062 0.998611 0.963281 0.997222 0.9625 0.997222 0.961719 0.995833 0.960938 0.995833 0.959375 0.993056 0.958594 0.993056 0.957812 0.991667 0.957031 0.991667 0.95625 0.990278 0.955469 0.990278 0.954688 0.988889 0.953906 0.988889 0.953125 0.9875 0.952344 0.9875 0.951562 0.986111 0.950781 0.986111 0.95 0.984722 0.949219 0.984722 0.948438 0.983333 0.947656 0.983333 0.946875 0.981944 0.946094 0.981944 0.945312 0.980556 0.944531 0.980556 0.94375 0.979167 0.942969 0.979167 0.942188 0.977778 0.941406 0.977778 0.940625 0.976389 0.939844 0.976389 0.939062 0.975 0.938281 0.975 0.9375 0.973611 0.936719 0.973611 0.935938 0.972222 0.935156 0.972222 0.934375 0.970833 0.933594 0.970833 0.932812 0.969444 0.932031 0.969444 0.93125 0.968056 0.930469 0.968056 0.929688 0.966667 0.928906 0.966667 0.928125 0.965278 0.927344 0.965278 0.926562 0.963889 0.925781 0.963889 0.925 0.9625 0.924219 0.9625 0.923438 0.961111 0.922656 0.961111 0.921875 0.959722 0.921094 0.959722 0.920312 0.958333 0.919531 0.958333 0.91875 0.956944 0.917969 0.956944 0.917188 0.955556 0.916406 0.955556 0.915625 0.954167 0.914844 0.954167 0.914062 0.952778 0.913281 0.952778 0.9125 0.951389 0.911719 0.951389 0.910938 0.95 0.910156 0.95 0.909375 0.948611 0.908594 0.948611 0.907812 0.947222 0.907031 0.947222 0.90625 0.945833 0.905469 0.945833 0.904688 0.944444 0.903906 0.944444 0.903125 0.943056 0.902344 0.943056 0.901562 0.941667 0.900781 0.941667 0.9 0.940278 0.898438 0.940278 0.897656 0.938889 0.896875 0.938889 0.896094 0.9375 0.895312 0.9375 0.894531 0.936111 0.89375 0.936111 0.892969 0.934722 0.892188 0.934722 0.891406 0.933333 0.890625 0.933333 0.889844 0.931944 0.889062 0.931944 0.888281 0.930556 0.8875 0.930556 0.886719 0.929167 0.885938 0.929167 0.885156 0.927778 0.884375 0.927778 0.883594 0.926389 0.882812 0.926389 0.882031 0.925 0.88125 0.925 0.880469 0.923611 0.879688 0.923611 0.878906 0.922222 0.878125 0.922222 0.877344 0.920833 0.876562 0.920833 0.875781 0.919444 0.875 0.919444 0.874219 0.918056 0.872656 0.918056 0.871875 0.916667 0.871094 0.916667 0.870312 0.915278 0.869531 0.915278 0.86875 0.913889 0.867969 0.913889 0.867188 0.9125 0.866406 0.9125 0.865625 0.911111 0.864844 0.911111 0.864062 0.909722 0.863281 0.909722 0.8625 0.908333 0.861719 0.908333 0.860938 0.906944 0.860156 0.906944 0.859375 0.905556 0.858594 0.905556 0.857812 0.904167 0.857031 0.904167 0.85625 0.902778 0.854688 0.902778 0.853906 0.901389 0.853125 0.901389 0.852344 0.9 0.851562 0.9 0.850781 0.898611 0.85 0.898611 0.849219 0.897222 0.848438 0.897222 0.847656 0.895833 0.846875 0.895833 0.846094 0.894444 0.845312 0.894444 0.844531 0.893056 0.842969 0.893056 0.842188 0.891667 0.841406 0.891667 0.840625 0.890278 0.839844 0.890278 0.839062 0.888889 0.8375 0.888889 0.836719 0.8875 0.835938 0.8875 0.835156 0.886111 0.834375 0.886111 0.833594 0.884722 0.832031 0.884722 0.83125 0.883333 0.830469 0.883333 0.829688 0.881944 0.828125 0.881944 0.827344 0.880556 0.826562 0.880556 0.825781 0.879167 0.824219 0.879167 0.823438 0.877778 0.822656 0.877778 0.821875 0.876389 0.820312 0.876389 0.819531 0.875 0.817969 0.875 0.817188 0.873611 0.815625 0.873611 0.814844 0.872222 0.814062 0.872222 0.813281 0.870833 0.811719 0.870833 0.810938 0.869444 0.809375 0.869444 0.808594 0.868056 0.807031 0.868056 0.80625 0.866667 0.804688 0.866667 0.803906 0.865278 0.802344 0.865278 0.801562 0.863889 0.799219 0.863889 0.798438 0.8625 0.796875 0.8625 0.796094 0.861111 0.79375 0.861111 0.792969 0.859722 0.791406 0.859722 0.790625 0.858333 0.788281 0.858333 0.7875 0.856944 0.785156 0.856944 0.784375 0.855556 0.782812 0.855556 0.782031 0.854167 0.779688 0.854167 0.778906 0.852778 0.776562 0.852778 0.775781 0.851389 0.773438 0.851389 0.772656 0.85 0.770312 0.85 0.769531 0.848611 0.767969 0.848611 0.767188 0.847222 0.764844 0.847222 0.764062 0.845833 0.761719 0.845833 0.760938 0.844444 0.758594 0.844444 0.757812 0.843056 0.754688 0.843056 0.753906 0.841667 0.750781 0.841667 0.75 0.840278 0.746094 0.840278 0.745312 0.838889 0.740625 0.838889 0.739844 0.8375 0.732031 0.8375 0.73125 0.836111 0.720312 0.836111 0.719531 0.834722 0.708594 0.834722 0.707812 0.833333 0.698438 0.833333 0.697656 0.831944 0.688281 0.831944 0.6875 0.830556 0.678906 0.830556 0.678125 0.829167 0.669531 0.829167 0.66875 0.827778 0.661719 0.827778 0.660938 0.826389 0.653125 0.826389 0.652344 0.825 0.647656 0.825 0.646875 0.823611 0.645312 0.823611 0.644531 0.822222 0.642969 0.822222 0.642188 0.820833 0.640625 0.820833 0.639844 0.819444 0.638281 0.819444 0.6375 0.818056 0.634375 0.818056 0.633594 0.816667 0.63125 0.816667 0.630469 0.815278 0.625781 0.815278 0.625 0.813889 0.615625 0.813889 0.614844 0.8125 0.605469 0.8125 0.604688 0.811111 0.59375 0.811111 0.592969 0.809722 0.58125 0.809722 0.580469 0.808333 0.567188 0.808333 0.566406 0.806944 0.551562 0.806944 0.550781 0.805556 0.533594 0.805556 0.532812 0.804167 0.514844 0.804167 0.514062 0.805556 0.513281 0.805556 0.5125 0.806944 0.510938 0.806944 0.510156 0.808333 0.504687 0.808333 0.503906 0.806944 0.49375 0.806944 0.492969 0.808333 0.489844 0.808333 0.489062 0.806944 0.486719 0.806944 0.485938 0.805556 0.485156 0.805556 0.484375 0.804167
0 0.025 0.481944 0.024219 0.483333 0.024219 0.490278 0.025 0.491667 0.024219 0.493056 0.024219 0.494444 0.023438 0.495833 0.023438 0.502778 0.022656 0.504167 0.021094 0.504167 0.020312 0.502778 0.017969 0.502778 0.017969 0.505556 0.022656 0.505556 0.024219 0.508333 0.024219 0.516667 0.023438 0.518056 0.023438 0.519444 0.021094 0.523611 0.021094 0.526389 0.025 0.526389 0.025781 0.527778 0.025 0.529167 0.023438 0.529167 0.023438 0.554167 0.023438 0.552778 0.024219 0.551389 0.024219 0.538889 0.023438 0.5375 0.023438 0.534722 0.024219 0.533333 0.024219 0.530556 0.028125 0.523611 0.029688 0.523611 0.032031 0.527778 0.032031 0.529167 0.032812 0.530556 0.033594 0.530556 0.035156 0.527778 0.035156 0.526389 0.035938 0.525 0.035938 0.520833 0.035156 0.519444 0.035156 0.518056 0.034375 0.516667 0.034375 0.513889 0.033594 0.5125 0.033594 0.508333 0.032812 0.506944 0.032812 0.497222 0.032031 0.495833 0.032031 0.494444 0.03125 0.493056 0.030469 0.493056 0.029688 0.491667 0.029688 0.488889 0.030469 0.4875 0.030469 0.483333 0.029688 0.483333 0.028906 0.481944
0 0.313281 0.494444 0.313281 0.497222 0.313281 0.495833 0.314062 0.494444
0 0.575781 0.504167 0.575781 0.505556 0.575 0.506944 0.574219 0.505556 0.574219 0.504167 0.574219 0.506944 0.575 0.508333 0.575 0.509722 0.575781 0.509722 0.575 0.508333 0.576562 0.505556 0.577344 0.505556 0.576562 0.505556 0.575781 0.504167 0.575781 0.497222 0.578125 0.497222 0.577344 0.497222 0.576562 0.495833 0.576562 0.494444 0.577344 0.493056 0.576562 0.493056 0.576562 0.495833 0.575781 0.497222
0 0.342188 0.501389 0.340625 0.504167 0.340625 0.505556 0.341406 0.505556 0.342969 0.502778 0.34375 0.504167 0.34375 0.502778 0.342969 0.501389 0.342188 0.501389 0.339844 0.501389 0.342188 0.497222 0.342188 0.493056 0.341406 0.493056 0.341406 0.495833 0.339844 0.498611 0.339844 0.5 0.339062 0.501389 0.339844 0.501389
0 0.594531 0.490278 0.594531 0.495833 0.59375 0.497222 0.59375 0.508333 0.592969 0.509722 0.592969 0.511111 0.59375 0.5125 0.594531 0.5125 0.594531 0.511111 0.595312 0.509722 0.596094 0.511111 0.596094 0.515278 0.597656 0.518056 0.597656 0.506944 0.596875 0.505556 0.596875 0.504167 0.597656 0.502778 0.597656 0.497222 0.596094 0.494444 0.596094 0.491667 0.595312 0.490278
0 0.638281 0.479167 0.6375 0.480556 0.636719 0.480556 0.636719 0.484722 0.635938 0.486111 0.636719 0.4875 0.633594 0.493056 0.632812 0.493056 0.632812 0.495833 0.632031 0.497222 0.632031 0.504167 0.63125 0.505556 0.63125 0.506944 0.632031 0.508333 0.632031 0.523611 0.633594 0.526389 0.632812 0.527778 0.632812 0.536111 0.634375 0.538889 0.634375 0.545833 0.635156 0.547222 0.635156 0.554167 0.634375 0.555556 0.634375 0.556944 0.636719 0.552778 0.6375 0.552778 0.6375 0.540278 0.638281 0.538889 0.639062 0.538889 0.639844 0.540278 0.639844 0.544444 0.640625 0.545833 0.640625 0.548611 0.641406 0.55 0.641406 0.551389 0.642188 0.55 0.642969 0.55 0.642969 0.540278 0.644531 0.5375 0.644531 0.530556 0.645312 0.529167 0.645312 0.520833 0.646094 0.519444 0.645312 0.518056 0.645312 0.515278 0.646094 0.513889 0.646094 0.511111 0.646875 0.509722 0.647656 0.509722 0.647656 0.508333 0.648438 0.506944 0.647656 0.505556 0.647656 0.502778 0.646875 0.501389 0.646875 0.495833 0.641406 0.486111 0.641406 0.483333 0.640625 0.481944 0.640625 0.480556 0.639844 0.480556 0.639062 0.479167
0 0.4625 0.5 0.461719 0.501389 0.4625 0.502778 0.463281 0.502778 0.4625 0.501389
2 0.500781 0.498611 0.500781 0.5 0.5 0.501389 0.499219 0.501389 0.498438 0.502778 0.497656 0.502778 0.496094 0.505556 0.496094 0.506944 0.494531 0.509722 0.494531 0.511111 0.49375 0.5125 0.49375 0.527778 0.495312 0.527778 0.496094 0.526389 0.496094 0.523611 0.496875 0.522222 0.497656 0.523611 0.507812 0.523611 0.508594 0.522222 0.509375 0.522222 0.510156 0.523611 0.510156 0.527778 0.5125 0.527778 0.5125 0.513889 0.511719 0.5125 0.511719 0.511111 0.510938 0.509722 0.510938 0.508333 0.509375 0.505556 0.509375 0.504167 0.508594 0.502778 0.507812 0.502778 0.507031 0.501389 0.50625 0.501389 0.504687 0.498611
2 0.404688 0.506944 0.405469 0.506944 0.404688 0.505556 0.404688 0.504167 0.404688 0.506944 0.391406 0.506944 0.390625 0.508333 0.389062 0.508333 0.388281 0.506944 0.389062 0.505556 0.389062 0.501389 0.399219 0.498611 0.396875 0.498611 0.391406 0.498611 0.390625 0.498611 0.390625 0.5 0.391406 0.498611 0.396875 0.498611 0.396094 0.5 0.397656 0.502778 0.399219 0.502778 0.399219 0.506944 0.398438 0.508333 0.397656 0.508333 0.396875 0.506944 0.396875 0.501389 0.396094 0.5 0.395312 0.5 0.395312 0.498611 0.399219 0.498611 0.389062 0.501389 0.389062 0.508333 0.390625 0.508333 0.390625 0.502778 0.391406 0.502778 0.391406 0.506944
2 0.421875 0.497222 0.421875 0.498611 0.420312 0.501389 0.420312 0.502778 0.417188 0.508333 0.416406 0.508333 0.416406 0.509722 0.415625 0.511111 0.414844 0.511111 0.414844 0.513889 0.414062 0.515278 0.414062 0.525 0.414844 0.526389 0.414844 0.527778 0.417188 0.527778 0.417188 0.526389 0.417969 0.525 0.419531 0.525 0.420312 0.526389 0.422656 0.526389 0.423438 0.525 0.434375 0.525 0.435156 0.526389 0.435156 0.527778 0.435938 0.529167 0.436719 0.527778 0.4375 0.527778 0.4375 0.525 0.438281 0.523611 0.439062 0.525 0.439062 0.526389 0.441406 0.526389 0.441406 0.509722 0.440625 0.508333 0.440625 0.506944 0.438281 0.502778 0.438281 0.501389 0.435938 0.497222
2 0.342969 0.5 0.34375 0.501389 0.344531 0.501389 0.34375 0.501389 0.342969 0.5 0.339062 0.5 0.339062 0.498611 0.338281 0.498611 0.339062 0.5
2 0.421094 0.502778 0.421094 0.504167 0.420312 0.505556 0.421094 0.505556 0.421094 0.504167 0.421875 0.502778 0.421094 0.502778 0.419531 0.502778 0.425781 0.501389 0.427344 0.501389 0.428906 0.504167 0.43125 0.504167 0.430469 0.502778 0.429688 0.502778 0.428906 0.501389 0.425781 0.501389 0.419531 0.502778 0.417188 0.502778 0.416406 0.504167 0.41875 0.504167 0.419531 0.502778
2 0.464844 0.495833 0.464062 0.497222 0.458594 0.497222 0.458594 0.498611 0.457031 0.501389 0.457031 0.502778 0.45625 0.504167 0.45625 0.505556 0.455469 0.506944 0.454688 0.506944 0.454688 0.508333 0.453906 0.509722 0.453906 0.515278 0.453125 0.516667 0.453125 0.527778 0.453906 0.527778 0.454688 0.529167 0.455469 0.527778 0.455469 0.526389 0.45625 0.525 0.457031 0.526389 0.458594 0.526389 0.458594 0.523611 0.459375 0.522222 0.472656 0.522222 0.473438 0.523611 0.473438 0.527778 0.475 0.527778 0.475781 0.529167 0.475781 0.527778 0.476562 0.526389 0.477344 0.526389 0.477344 0.509722 0.474219 0.504167 0.474219 0.502778 0.472656 0.5 0.472656 0.498611 0.471875 0.497222 0.465625 0.497222
0 0.375 0.497222 0.374219 0.498611 0.374219 0.505556 0.375781 0.505556 0.375781 0.504167 0.376562 0.502778 0.375781 0.501389 0.375781 0.498611
0 0.367188 0.5 0.367188 0.501389 0.367969 0.502778 0.367969 0.506944 0.367969 0.5
0 0.508594 0.495833 0.508594 0.497222 0.507812 0.498611 0.507812 0.501389 0.508594 0.501389 0.509375 0.502778 0.508594 0.504167 0.508594 0.505556 0.509375 0.506944 0.508594 0.505556 0.508594 0.504167 0.509375 0.502778 0.509375 0.498611 0.508594 0.497222
0 0.186719 0.494444 0.1875 0.495833 0.1875 0.497222 0.188281 0.498611 0.188281 0.501389 0.190625 0.505556 0.190625 0.508333 0.190625 0.502778 0.189844 0.501389 0.189844 0.5 0.189062 0.498611 0.189062 0.497222 0.188281 0.495833 0.1875 0.495833 0.186719 0.494444 0.185938 0.491667 0.185938 0.4875 0.185156 0.486111 0.184375 0.486111 0.185156 0.4875 0.185156 0.488889 0.185938 0.490278 0.185938 0.491667
81 0.371875 0.522222 0.371875 0.520833 0.369531 0.520833 0.36875 0.522222 0.367969 0.522222 0.367969 0.523611 0.330469 0.527778 0.328906 0.527778 0.328125 0.529167 0.326562 0.529167 0.326562 0.530556 0.317969 0.530556 0.317188 0.529167 0.316406 0.530556 0.315625 0.530556 0.315625 0.531944 0.308594 0.533333 0.307812 0.531944 0.3 0.531944 0.3 0.533333 0.299219 0.534722 0.24375 0.545833 0.227344 0.545833 0.226562 0.547222 0.226562 0.548611 0.228125 0.548611 0.228906 0.547222 0.235938 0.547222 0.236719 0.545833 0.24375 0.545833 0.299219 0.534722 0.30625 0.534722 0.307031 0.533333 0.308594 0.533333 0.315625 0.531944 0.317969 0.531944 0.317969 0.530556 0.326562 0.530556 0.329688 0.530556 0.330469 0.529167 0.330469 0.527778 0.367969 0.523611 0.36875 0.522222 0.371875 0.522222 0.600781 0.555556 0.09375 0.570833 0.094531 0.572222 0.164844 0.559722 0.164844 0.555556 0.164062 0.556944 0.157812 0.556944 0.157031 0.558333 0.151562 0.558333 0.150781 0.559722 0.144531 0.559722 0.14375 0.561111 0.1875 0.555556 0.1875 0.55 0.19375 0.55 0.194531 0.548611 0.203125 0.548611 0.203906 0.547222 0.211719 0.547222 0.2125 0.545833 0.214062 0.545833 0.214844 0.547222 0.214844 0.548611 0.215625 0.55 0.2125 0.55 0.211719 0.551389 0.204688 0.551389 0.203906 0.552778 0.196875 0.552778 0.196094 0.554167 0.189062 0.554167 0.188281 0.555556 0.1875 0.555556 0.14375 0.561111 0.139062 0.561111 0.139062 0.5625 0.138281 0.563889 0.141406 0.563889 0.142188 0.5625 0.149219 0.5625 0.15 0.561111 0.157031 0.561111 0.157812 0.559722 0.164844 0.559722 0.094531 0.572222 0.088281 0.572222 0.0875 0.573611 0.080469 0.573611 0.079688 0.575 0.072656 0.575 0.071875 0.576389 0.064844 0.576389 0.064062 0.577778 0.04375 0.580556 0.028125 0.548611 0.028906 0.547222 0.028906 0.545833 0.594531 0.513889 0.595312 0.515278 0.774219 0.538889 0.772656 0.538889 0.770312 0.534722 0.690625 0.522222 0.689844 0.523611 0.688281 0.523611 0.6875 0.522222 0.6875 0.525 0.686719 0.526389 0.686719 0.531944 0.6875 0.533333 0.667969 0.522222 0.647656 0.522222 0.647656 0.531944 0.6125 0.522222 0.6125 0.519444 0.611719 0.518056 0.610938 0.519444 0.610938 0.522222 0.610156 0.522222 0.609375 0.520833 0.608594 0.520833 0.607812 0.522222 0.60625 0.522222 0.60625 0.518056 0.605469 0.516667 0.604688 0.518056 0.604688 0.522222 0.603125 0.522222 0.602344 0.520833 0.6 0.520833 0.6 0.519444 0.599219 0.518056 0.598438 0.518056 0.598438 0.516667 0.605469 0.516667 0.60625 0.518056 0.607031 0.516667 0.610938 0.516667 0.6125 0.519444 0.733594 0.545833 0.734375 0.547222 0.735938 0.547222 0.735938 0.545833 0.764844 0.522222 0.765625 0.523611 0.632031 0.583333 0.632031 0.584722 0.63125 0.586111 0.63125 0.588889 0.630469 0.590278 0.629688 0.588889 0.628906 0.588889 0.590625 0.561111 0.590625 0.558333 0.5875 0.558333 0.414062 0.5125 0.414062 0.511111 0.405469 0.511111 0.401562 0.511111 0.399219 0.511111 0.398438 0.5125 0.389062 0.5125 0.213281 0.544444 0.6 0.525 0.211719 0.545833 0.600781 0.551389 0.600781 0.554167 0.602344 0.554167 0.603125 0.555556 0.605469 0.555556 0.60625 0.556944 0.607812 0.556944 0.608594 0.558333 0.610156 0.558333 0.610938 0.559722 0.6125 0.559722 0.613281 0.561111 0.614844 0.561111 0.615625 0.5625 0.617188 0.5625 0.617969 0.563889 0.620312 0.563889 0.621094 0.565278 0.622656 0.565278 0.623438 0.566667 0.625 0.566667 0.625781 0.568056 0.627344 0.568056 0.628125 0.569444 0.630469 0.569444 0.63125 0.570833 0.632812 0.570833 0.633594 0.572222 0.635156 0.572222 0.635938 0.573611 0.6375 0.570833 0.635938 0.570833 0.635156 0.569444 0.634375 0.569444 0.633594 0.568056 0.633594 0.566667 0.632812 0.565278 0.632812 0.563889 0.632031 0.5625 0.632812 0.561111 0.632812 0.559722 0.633594 0.558333 0.633594 0.555556 0.634375 0.554167 0.634375 0.55 0.647656 0.545833 0.661719 0.545833 0.659375 0.55 0.659375 0.551389 0.657031 0.551389 0.65625 0.552778 0.667188 0.547222 0.667188 0.545833 0.667969 0.545833 0.698438 0.55 0.698438 0.552778 0.7 0.552778 0.7 0.547222 0.698438 0.55 0.640625 0.55 0.638281 0.55 0.638281 0.552778 0.639062 0.551389 0.640625 0.551389 0.640625 0.55 0.698438 0.55 0.667969 0.545833 0.667969 0.547222 0.667188 0.548611 0.667188 0.55 0.665625 0.55 0.667188 0.547222 0.65625 0.552778 0.65625 0.556944 0.654688 0.559722 0.653906 0.559722 0.653906 0.558333 0.653125 0.556944 0.653125 0.554167 0.650781 0.55 0.64375 0.55 0.644531 0.548611 0.644531 0.547222 0.646875 0.547222 0.647656 0.545833 0.634375 0.55 0.622656 0.55 0.621875 0.548611 0.619531 0.548611 0.61875 0.547222 0.617969 0.547222 0.617188 0.545833 0.601562 0.545833 0.601562 0.55 0.600781 0.551389 0.211719 0.545833 0.196094 0.545833 0.195312 0.547222 0.190625 0.547222 0.189844 0.548611 0.188281 0.548611 0.0375 0.570833 0.036719 0.569444 0.036719 0.566667 0.035156 0.566667 0.034375 0.565278 0.029688 0.565278 0.028906 0.563889 0.028906 0.5625 0.028125 0.561111 0.028125 0.559722 0.028906 0.558333 0.028906 0.554167 0.024219 0.554167 0.023438 0.555556 0.023438 0.570833 0.022656 0.572222 0.021875 0.570833 0.021094 0.570833 0.021875 0.572222 0.021094 0.573611 0.020312 0.573611 0.019531 0.572222 0.009375 0.572222 0.010156 0.573611 0.009375 0.575 0.008594 0.575 0.007812 0.573611 0.007812 0.572222 0.003906 0.572222 0.003125 0.573611 0.002344 0.573611 0.001562 0.572222 0.000781 0.572222 0.001562 0.573611 0.000781 0.575 0.0 0.575 0.0 0.579167 0.003125 0.579167 0.003906 0.577778 0.011719 0.577778 0.0125 0.576389 0.020312 0.576389 0.021094 0.575 0.028906 0.575 0.029688 0.573611 0.0375 0.573611 0.0375 0.570833 0.052344 0.569444 0.053906 0.569444 0.053906 0.568056 0.052344 0.568056 0.052344 0.569444 0.0375 0.570833 0.188281 0.548611 0.19375 0.548611 0.194531 0.547222 0.203125 0.547222 0.203906 0.545833 0.211719 0.545833 0.6 0.525 0.600781 0.526389 0.600781 0.536111 0.601562 0.5375 0.601562 0.544444 0.615625 0.544444 0.647656 0.544444 0.6625 0.544444 0.665625 0.538889 0.665625 0.5375 0.6625 0.5375 0.661719 0.536111 0.65625 0.536111 0.655469 0.534722 0.65 0.534722 0.649219 0.533333 0.647656 0.533333 0.647656 0.544444 0.615625 0.544444 0.614844 0.543056 0.614844 0.533333 0.614062 0.531944 0.614062 0.526389 0.614062 0.533333 0.613281 0.534722 0.6125 0.533333 0.6125 0.526389 0.611719 0.527778 0.610938 0.526389 0.609375 0.526389 0.608594 0.525 0.605469 0.525 0.604688 0.523611 0.603125 0.523611 0.602344 0.522222 0.6 0.522222 0.6 0.525 0.213281 0.544444 0.211719 0.541667 0.211719 0.538889 0.210938 0.5375 0.210938 0.533333 0.20625 0.533333 0.205469 0.534722 0.19375 0.534722 0.192969 0.536111 0.192969 0.538889 0.194531 0.538889 0.195312 0.540278 0.197656 0.540278 0.198438 0.541667 0.198438 0.544444 0.213281 0.544444 0.389062 0.5125 0.400781 0.5125 0.401562 0.511111 0.405469 0.511111 0.405469 0.5125 0.414062 0.5125 0.5875 0.558333 0.5875 0.559722 0.588281 0.559722 0.589062 0.561111 0.590625 0.561111 0.628906 0.588889 0.628125 0.5875 0.626562 0.5875 0.625781 0.586111 0.625 0.586111 0.624219 0.584722 0.622656 0.584722 0.621875 0.583333 0.621094 0.583333 0.620312 0.581944 0.61875 0.581944 0.617969 0.580556 0.617188 0.580556 0.616406 0.579167 0.614844 0.579167 0.614062 0.577778 0.6125 0.577778 0.611719 0.576389 0.610938 0.576389 0.610156 0.575 0.608594 0.575 0.607812 0.573611 0.607031 0.573611 0.60625 0.572222 0.604688 0.572222 0.603906 0.570833 0.603125 0.570833 0.602344 0.569444 0.600781 0.569444 0.6 0.568056 0.599219 0.568056 0.599219 0.566667 0.6 0.565278 0.6 0.5625 0.600781 0.563889 0.971875 0.827778 0.973438 0.827778 0.974219 0.829167 0.975 0.829167 0.975781 0.830556 0.977344 0.830556 0.978125 0.831944 0.979688 0.831944 0.980469 0.833333 0.98125 0.833333 0.982031 0.834722 0.983594 0.834722 0.984375 0.836111 0.985156 0.836111 0.985938 0.8375 0.9875 0.8375 0.988281 0.838889 0.989062 0.838889 0.989844 0.840278 0.991406 0.840278 0.992188 0.841667 0.992969 0.841667 0.99375 0.843056 0.995312 0.843056 0.996094 0.844444 0.997656 0.844444 0.998438 0.845833 0.999219 0.845833 0.999219 0.826389 0.984375 0.826389 0.983594 0.827778 0.971875 0.827778 0.600781 0.563889 0.601562 0.563889 0.602344 0.565278 0.603906 0.565278 0.604688 0.566667 0.60625 0.566667 0.607031 0.568056 0.608594 0.568056 0.609375 0.569444 0.610156 0.569444 0.610938 0.570833 0.6125 0.570833 0.613281 0.572222 0.614844 0.572222 0.615625 0.573611 0.617188 0.573611 0.617969 0.575 0.61875 0.575 0.619531 0.576389 0.621094 0.576389 0.621875 0.577778 0.623438 0.577778 0.624219 0.579167 0.625781 0.579167 0.626562 0.580556 0.628125 0.580556 0.628906 0.581944 0.629688 0.581944 0.630469 0.583333 0.632031 0.583333 0.765625 0.523611 0.766406 0.523611 0.767188 0.522222 0.767188 0.523611 0.766406 0.525 0.765625 0.525 0.764062 0.522222 0.764844 0.522222 0.735938 0.545833 0.733594 0.545833 0.6125 0.519444 0.6125 0.522222 0.647656 0.531944 0.649219 0.531944 0.65 0.533333 0.655469 0.533333 0.65625 0.534722 0.661719 0.534722 0.6625 0.536111 0.666406 0.536111 0.667188 0.534722 0.667188 0.526389 0.667969 0.525 0.667969 0.522222 0.6875 0.533333 0.686719 0.534722 0.686719 0.541667 0.6875 0.541667 0.6875 0.540278 0.688281 0.538889 0.688281 0.5375 0.689062 0.536111 0.689062 0.534722 0.689844 0.533333 0.689844 0.531944 0.690625 0.530556 0.690625 0.529167 0.691406 0.527778 0.691406 0.526389 0.692969 0.523611 0.691406 0.523611 0.690625 0.522222 0.770312 0.534722 0.7 0.538889 0.7 0.543056 0.699219 0.543056 0.699219 0.541667 0.7 0.540278 0.7 0.538889 0.770312 0.534722 0.771875 0.5375 0.772656 0.536111 0.774219 0.536111 0.774219 0.538889 0.595312 0.515278 0.595312 0.513889 0.594531 0.513889 0.028906 0.545833 0.025 0.545833 0.025 0.548611 0.028125 0.548611 0.04375 0.580556 0.042188 0.580556 0.041406 0.581944 0.034375 0.581944 0.033594 0.583333 0.026562 0.583333 0.025781 0.584722 0.01875 0.584722 0.017969 0.586111 0.011719 0.586111 0.010938 0.5875 0.003906 0.5875 0.003125 0.588889 0.0 0.588889 0.0 0.580556 0.003125 0.580556 0.003906 0.579167 0.011719 0.579167 0.0125 0.577778 0.020312 0.577778 0.021094 0.576389 0.028906 0.576389 0.029688 0.575 0.0375 0.575 0.038281 0.573611 0.041406 0.579167 0.042188 0.579167 0.042969 0.580556 0.04375 0.580556 0.064062 0.577778 0.067969 0.570833 0.067969 0.569444 0.076562 0.569444 0.077344 0.568056 0.09375 0.568056 0.09375 0.570833 0.600781 0.555556 0.600781 0.5625 0.601562 0.5625 0.602344 0.563889 0.603906 0.563889 0.604688 0.565278 0.60625 0.565278 0.607031 0.566667 0.608594 0.566667 0.609375 0.568056 0.610156 0.568056 0.610938 0.569444 0.6125 0.569444 0.613281 0.570833 0.614844 0.570833 0.615625 0.572222 0.617188 0.572222 0.617969 0.573611 0.61875 0.573611 0.619531 0.575 0.621094 0.575 0.621875 0.576389 0.623438 0.576389 0.624219 0.577778 0.625781 0.577778 0.626562 0.579167 0.628125 0.579167 0.628906 0.580556 0.629688 0.580556 0.630469 0.581944 0.632812 0.581944 0.632812 0.580556 0.633594 0.579167 0.633594 0.577778 0.635156 0.575 0.635156 0.573611 0.633594 0.573611 0.632812 0.572222 0.63125 0.572222 0.630469 0.570833 0.628125 0.570833 0.627344 0.569444 0.625781 0.569444 0.625 0.568056 0.623438 0.568056 0.622656 0.566667 0.621094 0.566667 0.620312 0.565278 0.617969 0.565278 0.617188 0.563889 0.615625 0.563889 0.614844 0.5625 0.613281 0.5625 0.6125 0.561111 0.610938 0.561111 0.610156 0.559722 0.608594 0.559722 0.607812 0.558333 0.60625 0.558333 0.605469 0.556944 0.603125 0.556944 0.602344 0.555556 0.600781 0.555556
80 0.449219 0.552778 0.448438 0.554167 0.401562 0.554167 0.400781 0.555556 0.399219 0.555556 0.398438 0.554167 0.396875 0.554167 0.398438 0.554167 0.399219 0.555556 0.398438 0.556944 0.396094 0.556944 0.395312 0.555556 0.394531 0.555556 0.39375 0.554167 0.301562 0.554167 0.300781 0.552778 0.2625 0.552778 0.261719 0.554167 0.258594 0.554167 0.257812 0.552778 0.258594 0.551389 0.257031 0.554167 0.255469 0.554167 0.254688 0.555556 0.252344 0.555556 0.251563 0.554167 0.250781 0.554167 0.249219 0.551389 0.239844 0.551389 0.239062 0.55 0.226562 0.55 0.225781 0.551389 0.222656 0.551389 0.221875 0.552778 0.208594 0.552778 0.207812 0.554167 0.200781 0.554167 0.2 0.555556 0.192969 0.555556 0.192188 0.556944 0.1875 0.556944 0.186719 0.558333 0.186719 0.559722 0.185938 0.561111 0.185938 0.5625 0.184375 0.565278 0.184375 0.566667 0.182812 0.569444 0.178906 0.569444 0.182031 0.569444 0.182812 0.570833 0.182031 0.572222 0.178125 0.572222 0.177344 0.570833 0.172656 0.570833 0.171875 0.569444 0.16875 0.569444 0.166406 0.565278 0.166406 0.563889 0.165625 0.5625 0.165625 0.561111 0.1625 0.561111 0.161719 0.5625 0.154688 0.5625 0.153906 0.563889 0.146875 0.563889 0.146094 0.565278 0.139062 0.565278 0.138281 0.566667 0.132031 0.566667 0.13125 0.568056 0.124219 0.568056 0.123438 0.569444 0.123438 0.570833 0.122656 0.572222 0.122656 0.573611 0.121094 0.576389 0.121094 0.577778 0.119531 0.580556 0.11875 0.580556 0.117188 0.583333 0.115625 0.583333 0.114844 0.584722 0.100781 0.584722 0.1 0.583333 0.099219 0.583333 0.095312 0.576389 0.095312 0.575 0.094531 0.573611 0.09375 0.573611 0.092969 0.575 0.085938 0.575 0.085156 0.576389 0.078125 0.576389 0.077344 0.577778 0.071094 0.577778 0.070312 0.579167 0.063281 0.579167 0.0625 0.580556 0.055469 0.580556 0.054688 0.581944 0.047656 0.581944 0.046875 0.583333 0.040625 0.583333 0.039844 0.584722 0.032812 0.584722 0.032031 0.586111 0.025 0.586111 0.024219 0.5875 0.017969 0.5875 0.017188 0.588889 0.010156 0.588889 0.009375 0.590278 0.002344 0.590278 0.001562 0.591667 0.0 0.591667 0.0 0.611111 0.000781 0.609722 0.00625 0.609722 0.007031 0.608333 0.0125 0.608333 0.013281 0.606944 0.01875 0.606944 0.019531 0.605556 0.025 0.605556 0.025781 0.604167 0.03125 0.604167 0.032031 0.605556 0.03125 0.606944 0.026562 0.606944 0.025781 0.608333 0.020312 0.608333 0.019531 0.609722 0.014062 0.609722 0.013281 0.611111 0.007812 0.611111 0.007031 0.6125 0.001562 0.6125 0.000781 0.613889 0.0 0.613889 0.0 0.751389 0.002344 0.751389 0.003125 0.75 0.004688 0.75 0.005469 0.748611 0.007812 0.748611 0.008594 0.747222 0.010938 0.747222 0.011719 0.745833 0.013281 0.745833 0.014062 0.744444 0.016406 0.744444 0.017188 0.743056 0.019531 0.743056 0.020312 0.741667 0.021875 0.741667 0.022656 0.740278 0.025 0.740278 0.025781 0.738889 0.028125 0.738889 0.028906 0.7375 0.030469 0.7375 0.03125 0.736111 0.033594 0.736111 0.034375 0.734722 0.036719 0.734722 0.0375 0.733333 0.039062 0.733333 0.039844 0.731944 0.042188 0.731944 0.042969 0.730556 0.044531 0.730556 0.045312 0.729167 0.047656 0.729167 0.048438 0.727778 0.050781 0.727778 0.051562 0.726389 0.053125 0.726389 0.053906 0.725 0.05625 0.725 0.057031 0.723611 0.059375 0.723611 0.060156 0.722222 0.061719 0.722222 0.0625 0.720833 0.064844 0.720833 0.065625 0.719444 0.067969 0.719444 0.06875 0.718056 0.070312 0.718056 0.071094 0.716667 0.073438 0.716667 0.074219 0.715278 0.076562 0.715278 0.077344 0.713889 0.078906 0.713889 0.079688 0.7125 0.082031 0.7125 0.082812 0.711111 0.085156 0.711111 0.085938 0.709722 0.0875 0.709722 0.088281 0.708333 0.090625 0.708333 0.091406 0.706944 0.09375 0.706944 0.094531 0.705556 0.096094 0.705556 0.096875 0.704167 0.099219 0.704167 0.1 0.702778 0.102344 0.702778 0.103125 0.701389 0.104688 0.701389 0.105469 0.7 0.107812 0.7 0.108594 0.698611 0.110156 0.698611 0.110938 0.697222 0.113281 0.697222 0.114062 0.695833 0.116406 0.695833 0.117188 0.694444 0.119531 0.694444 0.120312 0.693056 0.121875 0.693056 0.122656 0.691667 0.125 0.691667 0.125781 0.690278 0.127344 0.690278 0.128125 0.688889 0.130469 0.688889 0.13125 0.6875 0.133594 0.6875 0.134375 0.686111 0.135938 0.686111 0.136719 0.684722 0.139062 0.684722 0.139844 0.683333 0.142188 0.683333 0.142969 0.681944 0.144531 0.681944 0.145312 0.680556 0.147656 0.680556 0.148438 0.679167 0.150781 0.679167 0.151562 0.677778 0.153125 0.677778 0.153906 0.676389 0.15625 0.676389 0.157031 0.675 0.159375 0.675 0.160156 0.673611 0.161719 0.673611 0.1625 0.672222 0.164844 0.672222 0.165625 0.670833 0.167969 0.670833 0.16875 0.669444 0.170312 0.669444 0.171094 0.668056 0.173438 0.668056 0.174219 0.666667 0.176562 0.666667 0.177344 0.665278 0.178906 0.665278 0.179688 0.663889 0.182031 0.663889 0.182812 0.6625 0.184375 0.6625 0.185156 0.661111 0.186719 0.661111 0.1875 0.659722 0.189844 0.659722 0.190625 0.658333 0.192188 0.658333 0.192969 0.656944 0.195312 0.656944 0.196094 0.655556 0.197656 0.655556 0.198438 0.654167 0.2 0.654167 0.200781 0.652778 0.203125 0.652778 0.203906 0.651389 0.205469 0.651389 0.20625 0.65 0.208594 0.65 0.209375 0.648611 0.210938 0.648611 0.211719 0.647222 0.214062 0.647222 0.214844 0.645833 0.216406 0.645833 0.217188 0.644444 0.219531 0.644444 0.220312 0.643056 0.221875 0.643056 0.222656 0.641667 0.224219 0.641667 0.225 0.640278 0.227344 0.640278 0.228125 0.638889 0.229688 0.638889 0.230469 0.6375 0.232812 0.6375 0.233594 0.636111 0.235156 0.636111 0.235938 0.634722 0.238281 0.634722 0.239062 0.633333 0.240625 0.633333 0.241406 0.631944 0.24375 0.631944 0.244531 0.630556 0.246094 0.630556 0.246875 0.629167 0.248438 0.629167 0.249219 0.627778 0.251563 0.627778 0.252344 0.626389 0.253906 0.626389 0.254688 0.625 0.257031 0.625 0.257812 0.623611 0.259375 0.623611 0.260156 0.622222 0.2625 0.622222 0.263281 0.620833 0.264844 0.620833 0.265625 0.619444 0.267969 0.619444 0.26875 0.618056 0.270312 0.618056 0.271094 0.616667 0.272656 0.616667 0.273438 0.615278 0.275781 0.615278 0.276562 0.613889 0.278125 0.613889 0.278906 0.6125 0.280469 0.6125 0.28125 0.611111 0.283594 0.611111 0.284375 0.609722 0.285938 0.609722 0.286719 0.608333 0.288281 0.608333 0.289062 0.606944 0.290625 0.606944 0.291406 0.605556 0.29375 0.605556 0.294531 0.604167 0.296094 0.604167 0.296875 0.602778 0.298438 0.602778 0.299219 0.601389 0.300781 0.601389 0.301562 0.6 0.303125 0.6 0.303906 0.598611 0.30625 0.598611 0.307031 0.597222 0.308594 0.597222 0.309375 0.595833 0.310938 0.595833 0.311719 0.594444 0.313281 0.594444 0.314062 0.593056 0.316406 0.593056 0.317188 0.591667 0.31875 0.591667 0.319531 0.590278 0.321094 0.590278 0.321875 0.588889 0.323438 0.588889 0.324219 0.5875 0.326562 0.5875 0.327344 0.586111 0.328906 0.586111 0.329688 0.584722 0.33125 0.584722 0.332031 0.583333 0.334375 0.583333 0.335156 0.581944 0.336719 0.581944 0.3375 0.580556 0.339844 0.580556 0.340625 0.579167 0.342188 0.579167 0.342969 0.577778 0.345312 0.577778 0.346094 0.576389 0.347656 0.576389 0.348438 0.575 0.350781 0.575 0.351562 0.573611 0.353125 0.573611 0.353906 0.572222 0.35625 0.572222 0.357031 0.570833 0.359375 0.570833 0.360156 0.572222 0.359375 0.573611 0.357812 0.573611 0.357031 0.575 0.354688 0.575 0.353906 0.576389 0.352344 0.576389 0.351562 0.577778 0.349219 0.577778 0.348438 0.579167 0.346875 0.579167 0.346094 0.580556 0.34375 0.580556 0.342969 0.581944 0.341406 0.581944 0.340625 0.583333 0.339062 0.583333 0.338281 0.584722 0.335938 0.584722 0.335156 0.586111 0.333594 0.586111 0.332812 0.5875 0.33125 0.5875 0.330469 0.588889 0.328125 0.588889 0.327344 0.590278 0.325781 0.590278 0.325 0.591667 0.323438 0.591667 0.322656 0.593056 0.321094 0.593056 0.320312 0.594444 0.31875 0.594444 0.317969 0.595833 0.316406 0.595833 0.315625 0.597222 0.313281 0.597222 0.3125 0.598611 0.310938 0.598611 0.310156 0.6 0.308594 0.6 0.307812 0.601389 0.30625 0.601389 0.305469 0.602778 0.303906 0.602778 0.303125 0.604167 0.301562 0.604167 0.300781 0.605556 0.298438 0.605556 0.297656 0.606944 0.296094 0.606944 0.295312 0.608333 0.29375 0.608333 0.292969 0.609722 0.291406 0.609722 0.290625 0.611111 0.289062 0.611111 0.288281 0.6125 0.286719 0.6125 0.285938 0.613889 0.284375 0.613889 0.283594 0.615278 0.28125 0.615278 0.280469 0.616667 0.278906 0.616667 0.278125 0.618056 0.276562 0.618056 0.275781 0.619444 0.273438 0.619444 0.272656 0.620833 0.271094 0.620833 0.270312 0.622222 0.267969 0.622222 0.267188 0.623611 0.265625 0.623611 0.264844 0.625 0.263281 0.625 0.2625 0.626389 0.260156 0.626389 0.259375 0.627778 0.257812 0.627778 0.257031 0.629167 0.255469 0.629167 0.254688 0.630556 0.252344 0.630556 0.251563 0.631944 0.25 0.631944 0.249219 0.633333 0.247656 0.633333 0.246875 0.634722 0.244531 0.634722 0.24375 0.636111 0.242188 0.636111 0.241406 0.6375 0.239062 0.6375 0.238281 0.638889 0.236719 0.638889 0.235938 0.640278 0.234375 0.640278 0.233594 0.641667 0.23125 0.641667 0.230469 0.643056 0.228906 0.643056 0.228125 0.644444 0.226562 0.644444 0.225781 0.645833 0.223438 0.645833 0.222656 0.647222 0.221094 0.647222 0.220312 0.648611 0.21875 0.648611 0.217969 0.65 0.215625 0.65 0.214844 0.651389 0.213281 0.651389 0.2125 0.652778 0.210938 0.652778 0.210156 0.654167 0.207812 0.654167 0.207031 0.655556 0.205469 0.655556 0.204688 0.656944 0.202344 0.656944 0.201562 0.658333 0.2 0.658333 0.199219 0.659722 0.197656 0.659722 0.196875 0.661111 0.194531 0.661111 0.19375 0.6625 0.192188 0.6625 0.191406 0.663889 0.189844 0.663889 0.189062 0.665278 0.186719 0.665278 0.185938 0.666667 0.184375 0.666667 0.183594 0.668056 0.18125 0.668056 0.180469 0.669444 0.178906 0.669444 0.178125 0.670833 0.175781 0.670833 0.175 0.672222 0.173438 0.672222 0.172656 0.673611 0.170312 0.673611 0.169531 0.675 0.167188 0.675 0.166406 0.676389 0.164844 0.676389 0.164062 0.677778 0.161719 0.677778 0.160938 0.679167 0.159375 0.679167 0.158594 0.680556 0.15625 0.680556 0.155469 0.681944 0.153906 0.681944 0.153125 0.683333 0.150781 0.683333 0.15 0.684722 0.148438 0.684722 0.147656 0.686111 0.145312 0.686111 0.144531 0.6875 0.142188 0.6875 0.141406 0.688889 0.139844 0.688889 0.139062 0.690278 0.136719 0.690278 0.135938 0.691667 0.134375 0.691667 0.133594 0.693056 0.13125 0.693056 0.130469 0.694444 0.128906 0.694444 0.128125 0.695833 0.125781 0.695833 0.125 0.697222 0.122656 0.697222 0.121875 0.698611 0.120312 0.698611 0.119531 0.7 0.117188 0.7 0.116406 0.701389 0.114844 0.701389 0.114062 0.702778 0.111719 0.702778 0.110938 0.704167 0.109375 0.704167 0.108594 0.705556 0.10625 0.705556 0.105469 0.706944 0.103125 0.706944 0.102344 0.708333 0.100781 0.708333 0.1 0.709722 0.097656 0.709722 0.096875 0.711111 0.095312 0.711111 0.094531 0.7125 0.092188 0.7125 0.091406 0.713889 0.089844 0.713889 0.089062 0.715278 0.086719 0.715278 0.085938 0.716667 0.083594 0.716667 0.082812 0.718056 0.08125 0.718056 0.080469 0.719444 0.078125 0.719444 0.077344 0.720833 0.075781 0.720833 0.075 0.722222 0.072656 0.722222 0.071875 0.723611 0.070312 0.723611 0.069531 0.725 0.067188 0.725 0.066406 0.726389 0.064844 0.726389 0.064062 0.727778 0.061719 0.727778 0.060938 0.729167 0.058594 0.729167 0.057812 0.730556 0.05625 0.730556 0.055469 0.731944 0.053125 0.731944 0.052344 0.733333 0.050781 0.733333 0.05 0.734722 0.047656 0.734722 0.046875 0.736111 0.045312 0.736111 0.044531 0.7375 0.042188 0.7375 0.041406 0.738889 0.039062 0.738889 0.038281 0.740278 0.036719 0.740278 0.035938 0.741667 0.033594 0.741667 0.032812 0.743056 0.03125 0.743056 0.030469 0.744444 0.028125 0.744444 0.027344 0.745833 0.025781 0.745833 0.025 0.747222 0.022656 0.747222 0.021875 0.748611 0.019531 0.748611 0.01875 0.75 0.017188 0.75 0.016406 0.751389 0.014062 0.751389 0.013281 0.752778 0.011719 0.752778 0.010938 0.754167 0.008594 0.754167 0.007812 0.755556 0.00625 0.755556 0.005469 0.756944 0.003125 0.756944 0.002344 0.758333 0.0 0.758333 0.0 0.763889 0.000781 0.763889 0.001562 0.7625 0.003125 0.7625 0.003906 0.761111 0.00625 0.761111 0.007031 0.759722 0.008594 0.759722 0.009375 0.758333 0.011719 0.758333 0.0125 0.756944 0.014062 0.756944 0.014844 0.755556 0.016406 0.755556 0.017188 0.754167 0.019531 0.754167 0.020312 0.752778 0.021875 0.752778 0.022656 0.751389 0.025 0.751389 0.025781 0.75 0.027344 0.75 0.028125 0.748611 0.030469 0.748611 0.03125 0.747222 0.032812 0.747222 0.033594 0.745833 0.035938 0.745833 0.036719 0.744444 0.038281 0.744444 0.039062 0.743056 0.041406 0.743056 0.042188 0.741667 0.04375 0.741667 0.044531 0.740278 0.046875 0.740278 0.047656 0.738889 0.049219 0.738889 0.05 0.7375 0.052344 0.7375 0.053125 0.736111 0.054688 0.736111 0.055469 0.734722 0.057812 0.734722 0.058594 0.733333 0.060156 0.733333 0.060938 0.731944 0.063281 0.731944 0.064062 0.730556 0.065625 0.730556 0.066406 0.729167 0.06875 0.729167 0.069531 0.727778 0.071094 0.727778 0.071875 0.726389 0.074219 0.726389 0.075 0.725 0.076562 0.725 0.077344 0.723611 0.079688 0.723611 0.080469 0.722222 0.082031 0.722222 0.082812 0.720833 0.085156 0.720833 0.085938 0.719444 0.0875 0.719444 0.088281 0.718056 0.089844 0.718056 0.090625 0.716667 0.092969 0.716667 0.09375 0.715278 0.095312 0.715278 0.096094 0.713889 0.098438 0.713889 0.099219 0.7125 0.100781 0.7125 0.101562 0.711111 0.103906 0.711111 0.104688 0.709722 0.10625 0.709722 0.107031 0.708333 0.109375 0.708333 0.110156 0.706944 0.111719 0.706944 0.1125 0.705556 0.114844 0.705556 0.115625 0.704167 0.117188 0.704167 0.117969 0.702778 0.120312 0.702778 0.121094 0.701389 0.122656 0.701389 0.123438 0.7 0.125781 0.7 0.126562 0.698611 0.128125 0.698611 0.128906 0.697222 0.13125 0.697222 0.132031 0.695833 0.133594 0.695833 0.134375 0.694444 0.135938 0.694444 0.136719 0.693056 0.139062 0.693056 0.139844 0.691667 0.141406 0.691667 0.142188 0.690278 0.144531 0.690278 0.145312 0.688889 0.146875 0.688889 0.147656 0.6875 0.15 0.6875 0.150781 0.686111 0.152344 0.686111 0.153125 0.684722 0.155469 0.684722 0.15625 0.683333 0.157812 0.683333 0.158594 0.681944 0.160938 0.681944 0.161719 0.680556 0.163281 0.680556 0.164062 0.679167 0.166406 0.679167 0.167188 0.677778 0.16875 0.677778 0.169531 0.676389 0.171875 0.676389 0.172656 0.675 0.174219 0.675 0.175 0.673611 0.177344 0.673611 0.178125 0.672222 0.179688 0.672222 0.180469 0.670833 0.182812 0.670833 0.183594 0.669444 0.185156 0.669444 0.185938 0.668056 0.188281 0.668056 0.189062 0.666667 0.190625 0.666667 0.191406 0.665278 0.192969 0.665278 0.19375 0.663889 0.196094 0.663889 0.196875 0.6625 0.198438 0.6625 0.199219 0.661111 0.200781 0.661111 0.201562 0.659722 0.203906 0.659722 0.204688 0.658333 0.20625 0.658333 0.207031 0.656944 0.208594 0.656944 0.209375 0.655556 0.211719 0.655556 0.2125 0.654167 0.214062 0.654167 0.214844 0.652778 0.216406 0.652778 0.217188 0.651389 0.21875 0.651389 0.219531 0.65 0.221875 0.65 0.222656 0.648611 0.224219 0.648611 0.225 0.647222 0.226562 0.647222 0.227344 0.645833 0.229688 0.645833 0.230469 0.644444 0.232031 0.644444 0.232812 0.643056 0.234375 0.643056 0.235156 0.641667 0.236719 0.641667 0.2375 0.640278 0.239844 0.640278 0.240625 0.638889 0.242188 0.638889 0.242969 0.6375 0.244531 0.6375 0.245312 0.636111 0.246875 0.636111 0.247656 0.634722 0.25 0.634722 0.250781 0.633333 0.252344 0.633333 0.253125 0.631944 0.254688 0.631944 0.255469 0.630556 0.257812 0.630556 0.258594 0.629167 0.260156 0.629167 0.260938 0.627778 0.2625 0.627778 0.263281 0.626389 0.264844 0.626389 0.265625 0.625 0.267969 0.625 0.26875 0.623611 0.270312 0.623611 0.271094 0.622222 0.272656 0.622222 0.273438 0.620833 0.275781 0.620833 0.276562 0.619444 0.278125 0.619444 0.278906 0.618056 0.280469 0.618056 0.28125 0.616667 0.282812 0.616667 0.283594 0.615278 0.285938 0.615278 0.286719 0.613889 0.288281 0.613889 0.289062 0.6125 0.290625 0.6125 0.291406 0.611111 0.292969 0.611111 0.29375 0.609722 0.295312 0.609722 0.296094 0.608333 0.297656 0.608333 0.298438 0.606944 0.3 0.606944 0.300781 0.605556 0.302344 0.605556 0.303125 0.604167 0.304688 0.604167 0.305469 0.602778 0.307812 0.602778 0.308594 0.601389 0.310156 0.601389 0.310938 0.6 0.3125 0.6 0.313281 0.598611 0.314844 0.598611 0.315625 0.597222 0.317188 0.597222 0.317969 0.595833 0.319531 0.595833 0.320312 0.594444 0.321875 0.594444 0.322656 0.593056 0.324219 0.593056 0.325 0.591667 0.326562 0.591667 0.327344 0.590278 0.328906 0.590278 0.329688 0.588889 0.33125 0.588889 0.332031 0.5875 0.333594 0.5875 0.334375 0.586111 0.336719 0.586111 0.3375 0.584722 0.339062 0.584722 0.339844 0.583333 0.341406 0.583333 0.342188 0.581944 0.344531 0.581944 0.345312 0.580556 0.346875 0.580556 0.347656 0.579167 0.349219 0.579167 0.35 0.577778 0.352344 0.577778 0.353125 0.576389 0.354688 0.576389 0.355469 0.575 0.357031 0.575 0.357812 0.573611 0.360156 0.573611 0.360938 0.572222 0.3625 0.572222 0.363281 0.570833 0.365625 0.570833 0.366406 0.569444 0.367969 0.569444 0.36875 0.568056 0.371094 0.568056 0.371875 0.569444 0.371094 0.570833 0.369531 0.570833 0.36875 0.572222 0.367188 0.572222 0.366406 0.573611 0.364062 0.573611 0.363281 0.575 0.361719 0.575 0.360938 0.576389 0.359375 0.576389 0.358594 0.577778 0.35625 0.577778 0.355469 0.579167 0.353906 0.579167 0.353125 0.580556 0.351562 0.580556 0.350781 0.581944 0.348438 0.581944 0.347656 0.583333 0.346094 0.583333 0.345312 0.584722 0.34375 0.584722 0.342969 0.586111 0.341406 0.586111 0.340625 0.5875 0.339062 0.5875 0.338281 0.588889 0.336719 0.588889 0.335938 0.590278 0.333594 0.590278 0.332812 0.591667 0.33125 0.591667 0.330469 0.593056 0.328906 0.593056 0.328125 0.594444 0.326562 0.594444 0.325781 0.595833 0.324219 0.595833 0.323438 0.597222 0.321875 0.597222 0.321094 0.598611 0.319531 0.598611 0.31875 0.6 0.317188 0.6 0.316406 0.601389 0.314844 0.601389 0.314062 0.602778 0.3125 0.602778 0.311719 0.604167 0.310156 0.604167 0.309375 0.605556 0.307812 0.605556 0.307031 0.606944 0.305469 0.606944 0.304688 0.608333 0.303125 0.608333 0.302344 0.609722 0.300781 0.609722 0.3 0.611111 0.298438 0.611111 0.297656 0.6125 0.296094 0.6125 0.295312 0.613889 0.29375 0.613889 0.292969 0.615278 0.291406 0.615278 0.290625 0.616667 0.289062 0.616667 0.288281 0.618056 0.286719 0.618056 0.285938 0.619444 0.284375 0.619444 0.283594 0.620833 0.28125 0.620833 0.280469 0.622222 0.278906 0.622222 0.278125 0.623611 0.276562 0.623611 0.275781 0.625 0.274219 0.625 0.273438 0.626389 0.271875 0.626389 0.271094 0.627778 0.26875 0.627778 0.267969 0.629167 0.266406 0.629167 0.265625 0.630556 0.264062 0.630556 0.263281 0.631944 0.261719 0.631944 0.260938 0.633333 0.259375 0.633333 0.258594 0.634722 0.25625 0.634722 0.255469 0.636111 0.253906 0.636111 0.253125 0.6375 0.251563 0.6375 0.250781 0.638889 0.249219 0.638889 0.248438 0.640278 0.246875 0.640278 0.246094 0.641667 0.24375 0.641667 0.242969 0.643056 0.241406 0.643056 0.240625 0.644444 0.239062 0.644444 0.238281 0.645833 0.236719 0.645833 0.235938 0.647222 0.233594 0.647222 0.232812 0.648611 0.23125 0.648611 0.230469 0.65 0.228906 0.65 0.228125 0.651389 0.226562 0.651389 0.225781 0.652778 0.224219 0.652778 0.223438 0.654167 0.221094 0.654167 0.220312 0.655556 0.21875 0.655556 0.217969 0.656944 0.216406 0.656944 0.215625 0.658333 0.214062 0.658333 0.213281 0.659722 0.211719 0.659722 0.210938 0.661111 0.208594 0.661111 0.207812 0.6625 0.20625 0.6625 0.205469 0.663889 0.203906 0.663889 0.203125 0.665278 0.201562 0.665278 0.200781 0.666667 0.199219 0.666667 0.198438 0.668056 0.196094 0.668056 0.195312 0.669444 0.19375 0.669444 0.192969 0.670833 0.190625 0.670833 0.189844 0.672222 0.188281 0.672222 0.1875 0.673611 0.185938 0.673611 0.185156 0.675 0.182812 0.675 0.182031 0.676389 0.180469 0.676389 0.179688 0.677778 0.177344 0.677778 0.176562 0.679167 0.175 0.679167 0.174219 0.680556 0.172656 0.680556 0.171875 0.681944 0.169531 0.681944 0.16875 0.683333 0.167188 0.683333 0.166406 0.684722 0.164062 0.684722 0.163281 0.686111 0.161719 0.686111 0.160938 0.6875 0.159375 0.6875 0.158594 0.688889 0.15625 0.688889 0.155469 0.690278 0.153906 0.690278 0.153125 0.691667 0.151562 0.691667 0.150781 0.693056 0.148438 0.693056 0.147656 0.694444 0.146094 0.694444 0.145312 0.695833 0.142969 0.695833 0.142188 0.697222 0.140625 0.697222 0.139844 0.698611 0.138281 0.698611 0.1375 0.7 0.135156 0.7 0.134375 0.701389 0.132812 0.701389 0.132031 0.702778 0.129688 0.702778 0.128906 0.704167 0.127344 0.704167 0.126562 0.705556 0.125 0.705556 0.124219 0.706944 0.121875 0.706944 0.121094 0.708333 0.119531 0.708333 0.11875 0.709722 0.116406 0.709722 0.115625 0.711111 0.114062 0.711111 0.113281 0.7125 0.110938 0.7125 0.110156 0.713889 0.108594 0.713889 0.107812 0.715278 0.10625 0.715278 0.105469 0.716667 0.103125 0.716667 0.102344 0.718056 0.100781 0.718056 0.1 0.719444 0.097656 0.719444 0.096875 0.720833 0.095312 0.720833 0.094531 0.722222 0.092969 0.722222 0.092188 0.723611 0.089844 0.723611 0.089062 0.725 0.0875 0.725 0.086719 0.726389 0.085156 0.726389 0.084375 0.727778 0.082031 0.727778 0.08125 0.729167 0.079688 0.729167 0.078906 0.730556 0.076562 0.730556 0.075781 0.731944 0.074219 0.731944 0.073438 0.733333 0.071875 0.733333 0.071094 0.734722 0.06875 0.734722 0.067969 0.736111 0.066406 0.736111 0.065625 0.7375 0.063281 0.7375 0.0625 0.738889 0.060938 0.738889 0.060156 0.740278 0.058594 0.740278 0.057812 0.741667 0.055469 0.741667 0.054688 0.743056 0.053125 0.743056 0.052344 0.744444 0.05 0.744444 0.049219 0.745833 0.047656 0.745833 0.046875 0.747222 0.045312 0.747222 0.044531 0.748611 0.042188 0.748611 0.041406 0.75 0.039844 0.75 0.039062 0.751389 0.036719 0.751389 0.035938 0.752778 0.034375 0.752778 0.033594 0.754167 0.032031 0.754167 0.03125 0.755556 0.028906 0.755556 0.028125 0.756944 0.026562 0.756944 0.025781 0.758333 0.024219 0.758333 0.023438 0.759722 0.021094 0.759722 0.020312 0.761111 0.01875 0.761111 0.017969 0.7625 0.015625 0.7625 0.014844 0.763889 0.013281 0.763889 0.0125 0.765278 0.010938 0.765278 0.010156 0.766667 0.007812 0.766667 0.007031 0.768056 0.005469 0.768056 0.004688 0.769444 0.002344 0.769444 0.001562 0.770833 0.0 0.770833 0.0 0.998611 0.033594 0.998611 0.034375 0.997222 0.035156 0.997222 0.035938 0.995833 0.036719 0.995833 0.0375 0.994444 0.038281 0.994444 0.039062 0.993056 0.039844 0.993056 0.040625 0.991667 0.041406 0.991667 0.042969 0.988889 0.04375 0.988889 0.044531 0.9875 0.045312 0.9875 0.046094 0.986111 0.046875 0.986111 0.047656 0.984722 0.048438 0.984722 0.049219 0.983333 0.05 0.983333 0.050781 0.981944 0.051562 0.981944 0.052344 0.980556 0.053125 0.980556 0.053906 0.979167 0.054688 0.979167 0.055469 0.977778 0.05625 0.977778 0.057031 0.976389 0.057812 0.976389 0.058594 0.975 0.059375 0.975 0.060156 0.973611 0.060938 0.973611 0.061719 0.972222 0.0625 0.972222 0.063281 0.970833 0.064062 0.970833 0.064844 0.969444 0.065625 0.969444 0.066406 0.968056 0.067188 0.968056 0.067969 0.966667 0.06875 0.966667 0.069531 0.965278 0.070312 0.965278 0.071094 0.963889 0.071875 0.963889 0.072656 0.9625 0.073438 0.9625 0.074219 0.961111 0.075 0.961111 0.075781 0.959722 0.076562 0.959722 0.077344 0.958333 0.078125 0.958333 0.078906 0.956944 0.079688 0.956944 0.080469 0.955556 0.08125 0.955556 0.082031 0.954167 0.082812 0.954167 0.083594 0.952778 0.084375 0.952778 0.085156 0.951389 0.085938 0.951389 0.086719 0.95 0.0875 0.95 0.088281 0.948611 0.089062 0.948611 0.089844 0.947222 0.090625 0.947222 0.091406 0.945833 0.092188 0.945833 0.092969 0.944444 0.09375 0.944444 0.094531 0.943056 0.095312 0.943056 0.096094 0.941667 0.096875 0.941667 0.097656 0.940278 0.098438 0.940278 0.099219 0.938889 0.100781 0.938889 0.101562 0.9375 0.102344 0.9375 0.103125 0.936111 0.103906 0.936111 0.104688 0.934722 0.105469 0.934722 0.10625 0.933333 0.107031 0.933333 0.107812 0.931944 0.108594 0.931944 0.109375 0.930556 0.110156 0.930556 0.110938 0.929167 0.111719 0.929167 0.1125 0.927778 0.113281 0.927778 0.114062 0.926389 0.114844 0.926389 0.115625 0.925 0.116406 0.925 0.117188 0.923611 0.117969 0.923611 0.11875 0.922222 0.119531 0.922222 0.120312 0.920833 0.121094 0.920833 0.121875 0.919444 0.122656 0.919444 0.123438 0.918056 0.125 0.918056 0.125781 0.916667 0.126562 0.916667 0.127344 0.915278 0.128125 0.915278 0.128906 0.913889 0.129688 0.913889 0.130469 0.9125 0.13125 0.9125 0.132031 0.911111 0.132812 0.911111 0.133594 0.909722 0.134375 0.909722 0.135156 0.908333 0.135938 0.908333 0.136719 0.906944 0.1375 0.906944 0.138281 0.905556 0.139062 0.905556 0.139844 0.904167 0.140625 0.904167 0.141406 0.902778 0.142188 0.902778 0.142969 0.901389 0.144531 0.901389 0.145312 0.9 0.146094 0.9 0.146875 0.898611 0.147656 0.898611 0.148438 0.897222 0.149219 0.897222 0.15 0.895833 0.150781 0.895833 0.151562 0.894444 0.152344 0.894444 0.153125 0.893056 0.153906 0.893056 0.154688 0.891667 0.15625 0.891667 0.157031 0.890278 0.157812 0.890278 0.158594 0.888889 0.159375 0.888889 0.160156 0.8875 0.161719 0.8875 0.1625 0.886111 0.163281 0.886111 0.164062 0.884722 0.164844 0.884722 0.165625 0.883333 0.167188 0.883333 0.167969 0.881944 0.16875 0.881944 0.169531 0.880556 0.171094 0.880556 0.171875 0.879167 0.172656 0.879167 0.173438 0.877778 0.175 0.877778 0.175781 0.876389 0.176562 0.876389 0.177344 0.875 0.178906 0.875 0.179688 0.873611 0.18125 0.873611 0.182031 0.872222 0.183594 0.872222 0.184375 0.870833 0.185156 0.870833 0.185938 0.869444 0.1875 0.869444 0.188281 0.868056 0.189844 0.868056 0.190625 0.866667 0.192188 0.866667 0.192969 0.865278 0.194531 0.865278 0.195312 0.863889 0.196875 0.863889 0.197656 0.8625 0.2 0.8625 0.200781 0.861111 0.202344 0.861111 0.203125 0.859722 0.205469 0.859722 0.20625 0.858333 0.207812 0.858333 0.208594 0.856944 0.210938 0.856944 0.211719 0.855556 0.214062 0.855556 0.214844 0.854167 0.216406 0.854167 0.217188 0.852778 0.219531 0.852778 0.220312 0.851389 0.222656 0.851389 0.223438 0.85 0.225781 0.85 0.226562 0.848611 0.228906 0.848611 0.229688 0.847222 0.232031 0.847222 0.232812 0.845833 0.235156 0.845833 0.235938 0.844444 0.238281 0.844444 0.239062 0.843056 0.241406 0.843056 0.242188 0.841667 0.24375 0.841667 0.244531 0.840278 0.247656 0.840278 0.248438 0.838889 0.253125 0.838889 0.253906 0.8375 0.258594 0.8375 0.259375 0.836111 0.267188 0.836111 0.267969 0.834722 0.278906 0.834722 0.279688 0.833333 0.289844 0.833333 0.290625 0.831944 0.3 0.831944 0.300781 0.830556 0.310938 0.830556 0.311719 0.829167 0.320312 0.829167 0.321094 0.827778 0.329688 0.827778 0.330469 0.826389 0.338281 0.826389 0.339062 0.825 0.346875 0.825 0.347656 0.823611 0.352344 0.823611 0.353125 0.822222 0.353906 0.822222 0.354688 0.820833 0.35625 0.820833 0.357031 0.819444 0.358594 0.819444 0.359375 0.818056 0.361719 0.818056 0.3625 0.816667 0.364844 0.816667 0.365625 0.815278 0.367969 0.815278 0.36875 0.813889 0.373438 0.813889 0.374219 0.8125 0.383594 0.8125 0.384375 0.811111 0.39375 0.811111 0.394531 0.809722 0.405469 0.809722 0.40625 0.808333 0.417969 0.808333 0.41875 0.806944 0.43125 0.806944 0.432031 0.805556 0.448438 0.805556 0.449219 0.804167 0.467188 0.804167 0.467969 0.802778 0.484375 0.802778 0.485156 0.804167 0.485938 0.804167 0.486719 0.805556 0.489062 0.805556 0.489844 0.806944 0.492969 0.806944 0.49375 0.805556 0.503906 0.805556 0.504687 0.806944 0.510156 0.806944 0.510938 0.805556 0.5125 0.805556 0.513281 0.804167 0.514062 0.804167 0.514844 0.802778 0.532812 0.802778 0.533594 0.804167 0.550781 0.804167 0.551562 0.805556 0.566406 0.805556 0.567188 0.806944 0.580469 0.806944 0.58125 0.808333 0.592969 0.808333 0.59375 0.809722 0.604688 0.809722 0.605469 0.811111 0.614844 0.811111 0.615625 0.8125 0.625 0.8125 0.625781 0.813889 0.630469 0.813889 0.63125 0.815278 0.633594 0.815278 0.634375 0.816667 0.6375 0.816667 0.638281 0.818056 0.639844 0.818056 0.640625 0.819444 0.642188 0.819444 0.642969 0.820833 0.644531 0.820833 0.645312 0.822222 0.646875 0.822222 0.647656 0.823611 0.652344 0.823611 0.653125 0.825 0.660938 0.825 0.661719 0.826389 0.66875 0.826389 0.669531 0.827778 0.678125 0.827778 0.678906 0.829167 0.6875 0.829167 0.688281 0.830556 0.697656 0.830556 0.698438 0.831944 0.707812 0.831944 0.708594 0.833333 0.709375 0.833333 0.704688 0.825 0.703906 0.825 0.696875 0.8125 0.696094 0.8125 0.689844 0.801389 0.689062 0.801389 0.682031 0.788889 0.68125 0.788889 0.674219 0.776389 0.673438 0.776389 0.667188 0.765278 0.666406 0.765278 0.660156 0.754167 0.659375 0.754167 0.653125 0.743056 0.652344 0.743056 0.646094 0.731944 0.645312 0.731944 0.639062 0.720833 0.638281 0.720833 0.632031 0.709722 0.63125 0.709722 0.625 0.698611 0.624219 0.698611 0.617969 0.6875 0.617188 0.6875 0.610938 0.676389 0.610156 0.676389 0.603125 0.663889 0.602344 0.663889 0.596094 0.652778 0.595312 0.652778 0.5875 0.638889 0.586719 0.638889 0.579688 0.626389 0.578906 0.626389 0.571094 0.6125 0.570312 0.6125 0.561719 0.597222 0.560938 0.597222 0.552344 0.581944 0.551562 0.581944 0.546875 0.573611 0.546094 0.573611 0.533594 0.551389 0.536719 0.551389 0.540625 0.558333 0.541406 0.558333 0.546875 0.568056 0.547656 0.568056 0.551562 0.575 0.552344 0.575 0.555469 0.580556 0.55625 0.580556 0.560156 0.5875 0.560938 0.5875 0.565625 0.595833 0.566406 0.595833 0.571094 0.604167 0.571875 0.604167 0.575781 0.611111 0.576562 0.611111 0.580469 0.618056 0.58125 0.618056 0.585938 0.626389 0.586719 0.626389 0.590625 0.633333 0.591406 0.633333 0.595312 0.640278 0.596094 0.640278 0.6 0.647222 0.600781 0.647222 0.605469 0.655556 0.60625 0.655556 0.609375 0.661111 0.610156 0.661111 0.614062 0.668056 0.614844 0.668056 0.61875 0.675 0.619531 0.675 0.623438 0.681944 0.624219 0.681944 0.627344 0.6875 0.628125 0.6875 0.632031 0.694444 0.632812 0.694444 0.636719 0.701389 0.6375 0.701389 0.641406 0.708333 0.642188 0.708333 0.646094 0.715278 0.646875 0.715278 0.65 0.720833 0.650781 0.720833 0.654688 0.727778 0.655469 0.727778 0.659375 0.734722 0.660156 0.734722 0.664062 0.741667 0.664844 0.741667 0.667969 0.747222 0.66875 0.747222 0.672656 0.754167 0.673438 0.754167 0.677344 0.761111 0.678125 0.761111 0.682031 0.768056 0.682812 0.768056 0.686719 0.775 0.6875 0.775 0.691406 0.781944 0.692188 0.781944 0.695312 0.7875 0.696094 0.7875 0.7 0.794444 0.700781 0.794444 0.704688 0.801389 0.705469 0.801389 0.709375 0.808333 0.710156 0.808333 0.714062 0.815278 0.714844 0.815278 0.71875 0.822222 0.719531 0.822222 0.723438 0.829167 0.724219 0.829167 0.727344 0.834722 0.73125 0.834722 0.732031 0.836111 0.739844 0.836111 0.740625 0.8375 0.745312 0.8375 0.746094 0.838889 0.75 0.838889 0.750781 0.840278 0.753906 0.840278 0.754688 0.841667 0.757812 0.841667 0.758594 0.843056 0.760938 0.843056 0.761719 0.844444 0.764062 0.844444 0.764844 0.845833 0.767188 0.845833 0.767969 0.847222 0.769531 0.847222 0.770312 0.848611 0.772656 0.848611 0.773438 0.85 0.775781 0.85 0.776562 0.851389 0.778906 0.851389 0.779688 0.852778 0.782031 0.852778 0.782812 0.854167 0.784375 0.854167 0.785156 0.855556 0.7875 0.855556 0.788281 0.856944 0.790625 0.856944 0.791406 0.858333 0.792969 0.858333 0.79375 0.859722 0.796094 0.859722 0.796875 0.861111 0.798438 0.861111 0.799219 0.8625 0.801562 0.8625 0.802344 0.863889 0.803906 0.863889 0.804688 0.865278 0.80625 0.865278 0.807031 0.866667 0.808594 0.866667 0.809375 0.868056 0.810938 0.868056 0.811719 0.869444 0.813281 0.869444 0.814062 0.870833 0.814844 0.870833 0.815625 0.872222 0.817188 0.872222 0.817969 0.873611 0.819531 0.873611 0.820312 0.875 0.821875 0.875 0.822656 0.876389 0.823438 0.876389 0.824219 0.877778 0.825781 0.877778 0.826562 0.879167 0.827344 0.879167 0.828125 0.880556 0.829688 0.880556 0.830469 0.881944 0.83125 0.881944 0.832031 0.883333 0.833594 0.883333 0.834375 0.884722 0.835156 0.884722 0.835938 0.886111 0.836719 0.886111 0.8375 0.8875 0.839062 0.8875 0.839844 0.888889 0.840625 0.888889 0.841406 0.890278 0.842188 0.890278 0.842969 0.891667 0.844531 0.891667 0.845312 0.893056 0.846094 0.893056 0.846875 0.894444 0.847656 0.894444 0.848438 0.895833 0.849219 0.895833 0.85 0.897222 0.850781 0.897222 0.851562 0.898611 0.852344 0.898611 0.853125 0.9 0.853906 0.9 0.854688 0.901389 0.85625 0.901389 0.857031 0.902778 0.857812 0.902778 0.858594 0.904167 0.859375 0.904167 0.860156 0.905556 0.860938 0.905556 0.861719 0.906944 0.8625 0.906944 0.863281 0.908333 0.864062 0.908333 0.864844 0.909722 0.865625 0.909722 0.866406 0.911111 0.867188 0.911111 0.867969 0.9125 0.86875 0.9125 0.869531 0.913889 0.870312 0.913889 0.871094 0.915278 0.871875 0.915278 0.872656 0.916667 0.874219 0.916667 0.875 0.918056 0.875781 0.918056 0.876562 0.919444 0.877344 0.919444 0.878125 0.920833 0.878906 0.920833 0.879688 0.922222 0.880469 0.922222 0.88125 0.923611 0.882031 0.923611 0.882812 0.925 0.883594 0.925 0.884375 0.926389 0.885156 0.926389 0.885938 0.927778 0.886719 0.927778 0.8875 0.929167 0.888281 0.929167 0.889062 0.930556 0.889844 0.930556 0.890625 0.931944 0.891406 0.931944 0.892188 0.933333 0.892969 0.933333 0.89375 0.934722 0.894531 0.934722 0.895312 0.936111 0.896094 0.936111 0.896875 0.9375 0.897656 0.9375 0.898438 0.938889 0.9 0.938889 0.900781 0.940278 0.901562 0.940278 0.902344 0.941667 0.903125 0.941667 0.903906 0.943056 0.904688 0.943056 0.905469 0.944444 0.90625 0.944444 0.907031 0.945833 0.907812 0.945833 0.908594 0.947222 0.909375 0.947222 0.910156 0.948611 0.910938 0.948611 0.911719 0.95 0.9125 0.95 0.913281 0.951389 0.914062 0.951389 0.914844 0.952778 0.915625 0.952778 0.916406 0.954167 0.917188 0.954167 0.917969 0.955556 0.91875 0.955556 0.919531 0.956944 0.920312 0.956944 0.921094 0.958333 0.921875 0.958333 0.922656 0.959722 0.923438 0.959722 0.924219 0.961111 0.925 0.961111 0.925781 0.9625 0.926562 0.9625 0.927344 0.963889 0.928125 0.963889 0.928906 0.965278 0.929688 0.965278 0.930469 0.966667 0.93125 0.966667 0.932031 0.968056 0.932812 0.968056 0.933594 0.969444 0.934375 0.969444 0.935156 0.970833 0.935938 0.970833 0.936719 0.972222 0.9375 0.972222 0.938281 0.973611 0.939062 0.973611 0.939844 0.975 0.940625 0.975 0.941406 0.976389 0.942188 0.976389 0.942969 0.977778 0.94375 0.977778 0.944531 0.979167 0.945312 0.979167 0.946094 0.980556 0.946875 0.980556 0.947656 0.981944 0.948438 0.981944 0.949219 0.983333 0.95 0.983333 0.950781 0.984722 0.951562 0.984722 0.952344 0.986111 0.953125 0.986111 0.953906 0.9875 0.954688 0.9875 0.955469 0.988889 0.95625 0.988889 0.957031 0.990278 0.957812 0.990278 0.958594 0.991667 0.959375 0.991667 0.960938 0.994444 0.961719 0.994444 0.9625 0.995833 0.963281 0.995833 0.964062 0.997222 0.964844 0.997222 0.965625 0.998611 0.999219 0.998611 0.999219 0.847222 0.998438 0.847222 0.997656 0.845833 0.996094 0.845833 0.995312 0.844444 0.99375 0.844444 0.992969 0.843056 0.992188 0.843056 0.991406 0.841667 0.989844 0.841667 0.989062 0.840278 0.988281 0.840278 0.9875 0.838889 0.985938 0.838889 0.985156 0.8375 0.984375 0.8375 0.983594 0.836111 0.982031 0.836111 0.98125 0.834722 0.980469 0.834722 0.979688 0.833333 0.978125 0.833333 0.977344 0.831944 0.975781 0.831944 0.975 0.830556 0.974219 0.830556 0.973438 0.829167 0.971875 0.829167 0.971094 0.827778 0.970312 0.827778 0.969531 0.829167 0.965625 0.829167 0.964844 0.830556 0.963281 0.830556 0.9625 0.831944 0.959375 0.831944 0.958594 0.833333 0.929688 0.833333 0.928906 0.831944 0.926562 0.831944 0.925781 0.830556 0.924219 0.830556 0.923438 0.829167 0.904688 0.829167 0.903906 0.827778 0.886719 0.827778 0.885938 0.826389 0.874219 0.826389 0.873438 0.825 0.849219 0.825 0.848438 0.826389 0.842969 0.826389 0.842188 0.825 0.841406 0.826389 0.839844 0.826389 0.839062 0.825 0.832812 0.825 0.832031 0.823611 0.825781 0.823611 0.825 0.822222 0.821094 0.822222 0.820312 0.820833 0.815625 0.820833 0.814844 0.819444 0.810156 0.819444 0.809375 0.818056 0.804688 0.818056 0.803906 0.816667 0.8 0.816667 0.799219 0.815278 0.795312 0.815278 0.794531 0.813889 0.791406 0.813889 0.790625 0.8125 0.7875 0.8125 0.786719 0.811111 0.784375 0.811111 0.783594 0.809722 0.78125 0.809722 0.780469 0.808333 0.778906 0.808333 0.778125 0.806944 0.776562 0.806944 0.775781 0.805556 0.774219 0.805556 0.773438 0.804167 0.769531 0.804167 0.769531 0.806944 0.76875 0.808333 0.76875 0.809722 0.767969 0.811111 0.767969 0.813889 0.767188 0.815278 0.767188 0.816667 0.765625 0.819444 0.765625 0.820833 0.760938 0.829167 0.760156 0.829167 0.759375 0.830556 0.75625 0.830556 0.755469 0.831944 0.729688 0.831944 0.728906 0.830556 0.726562 0.830556 0.725781 0.829167 0.725 0.829167 0.724219 0.827778 0.723438 0.827778 0.717969 0.818056 0.717969 0.816667 0.716406 0.813889 0.716406 0.8125 0.714844 0.809722 0.714844 0.808333 0.714062 0.806944 0.714062 0.805556 0.713281 0.804167 0.713281 0.802778 0.7125 0.801389 0.7125 0.8 0.711719 0.798611 0.711719 0.797222 0.710938 0.795833 0.710938 0.793056 0.710156 0.791667 0.710156 0.788889 0.709375 0.7875 0.709375 0.784722 0.708594 0.783333 0.708594 0.780556 0.707812 0.779167 0.707812 0.773611 0.707031 0.772222 0.707031 0.769444 0.70625 0.768056 0.70625 0.761111 0.705469 0.759722 0.705469 0.754167 0.704688 0.752778 0.704688 0.745833 0.699219 0.745833 0.697656 0.743056 0.696875 0.743056 0.695312 0.740278 0.695312 0.738889 0.694531 0.7375 0.694531 0.736111 0.69375 0.734722 0.69375 0.733333 0.692969 0.731944 0.692188 0.731944 0.690625 0.729167 0.689844 0.729167 0.6875 0.725 0.686719 0.725 0.685156 0.722222 0.684375 0.722222 0.682031 0.718056 0.68125 0.718056 0.679688 0.715278 0.678906 0.715278 0.677344 0.7125 0.676562 0.7125 0.674219 0.708333 0.673438 0.708333 0.671875 0.705556 0.671094 0.705556 0.669531 0.702778 0.66875 0.702778 0.666406 0.698611 0.665625 0.698611 0.664062 0.695833 0.663281 0.695833 0.661719 0.693056 0.660938 0.693056 0.659375 0.690278 0.658594 0.690278 0.657031 0.6875 0.657031 0.688889 0.655469 0.691667 0.654688 0.691667 0.653906 0.693056 0.638281 0.693056 0.6375 0.691667 0.636719 0.691667 0.635156 0.688889 0.635156 0.6875 0.633594 0.684722 0.633594 0.681944 0.632812 0.680556 0.632812 0.677778 0.632031 0.676389 0.632031 0.672222 0.63125 0.670833 0.63125 0.663889 0.630469 0.6625 0.630469 0.652778 0.628906 0.652778 0.628125 0.651389 0.628125 0.65 0.627344 0.648611 0.627344 0.644444 0.628125 0.643056 0.627344 0.641667 0.627344 0.622222 0.628125 0.620833 0.628125 0.608333 0.628906 0.606944 0.628906 0.6 0.629688 0.598611 0.629688 0.594444 0.630469 0.593056 0.630469 0.591667 0.629688 0.590278 0.628906 0.590278 0.628125 0.588889 0.626562 0.588889 0.625781 0.5875 0.625 0.5875 0.624219 0.586111 0.622656 0.586111 0.621875 0.584722 0.621094 0.584722 0.620312 0.583333 0.61875 0.583333 0.617969 0.581944 0.617188 0.581944 0.616406 0.580556 0.614844 0.580556 0.614062 0.579167 0.6125 0.579167 0.611719 0.577778 0.610938 0.577778 0.610156 0.576389 0.608594 0.576389 0.607812 0.575 0.607031 0.575 0.60625 0.573611 0.604688 0.573611 0.603906 0.572222 0.603125 0.572222 0.602344 0.570833 0.600781 0.570833 0.6 0.569444 0.599219 0.569444 0.598438 0.568056 0.597656 0.568056 0.596875 0.569444 0.596094 0.568056 0.592188 0.568056 0.591406 0.566667 0.591406 0.563889 0.590625 0.5625 0.589062 0.5625 0.588281 0.561111 0.5875 0.561111 0.586719 0.559722 0.557031 0.559722 0.557031 0.566667 0.555469 0.569444 0.55 0.569444 0.549219 0.568056 0.549219 0.5625 0.548438 0.561111 0.548438 0.556944 0.548438 0.558333 0.547656 0.559722 0.542969 0.559722 0.542188 0.558333 0.542188 0.555556 0.541406 0.554167 0.541406 0.551389 0.536719 0.551389 0.533594 0.551389 0.521875 0.551389 0.521094 0.552778 0.46875 0.552778 0.467969 0.554167 0.466406 0.554167 0.465625 0.552778 0.449219 0.552778 0.448438 0.552778 0.449219 0.551389 0.467188 0.551389 0.46875 0.548611 0.470312 0.548611 0.471094 0.55 0.470312 0.551389 0.521094 0.551389 0.521875 0.55 0.532812 0.55 0.53125 0.547222 0.53125 0.545833 0.529688 0.543056 0.528906 0.543056 0.525 0.536111 0.525 0.534722 0.523438 0.531944 0.524219 0.530556 0.525 0.530556 0.535938 0.55 0.541406 0.55 0.541406 0.533333 0.539844 0.533333 0.539844 0.544444 0.539062 0.545833 0.534375 0.545833 0.533594 0.544444 0.533594 0.541667 0.532812 0.540278 0.532812 0.520833 0.527344 0.520833 0.528906 0.520833 0.529688 0.522222 0.528906 0.523611 0.527344 0.523611 0.527344 0.527778 0.526562 0.529167 0.524219 0.529167 0.522656 0.526389 0.522656 0.5125 0.5125 0.5125 0.513281 0.513889 0.513281 0.527778 0.5125 0.529167 0.510156 0.529167 0.509375 0.527778 0.509375 0.525 0.50625 0.525 0.505469 0.526389 0.503125 0.526389 0.502344 0.525 0.497656 0.525 0.496875 0.523611 0.496875 0.526389 0.495312 0.529167 0.49375 0.529167 0.492969 0.527778 0.492969 0.525 0.489844 0.525 0.489062 0.523611 0.489844 0.522222 0.492969 0.522222 0.492969 0.5125 0.49375 0.511111 0.478125 0.511111 0.478125 0.526389 0.477344 0.527778 0.476562 0.527778 0.476562 0.529167 0.475781 0.530556 0.475 0.529167 0.473438 0.529167 0.472656 0.527778 0.472656 0.523611 0.459375 0.523611 0.459375 0.526389 0.458594 0.527778 0.457031 0.527778 0.45625 0.526389 0.45625 0.527778 0.454688 0.530556 0.453906 0.529167 0.453125 0.529167 0.452344 0.527778 0.452344 0.516667 0.453125 0.515278 0.453125 0.509722 0.442188 0.509722 0.442188 0.526389 0.441406 0.527778 0.439062 0.527778 0.438281 0.526389 0.438281 0.525 0.438281 0.527778 0.4375 0.529167 0.436719 0.529167 0.435938 0.530556 0.434375 0.527778 0.434375 0.526389 0.423438 0.526389 0.422656 0.527778 0.420312 0.527778 0.419531 0.526389 0.417969 0.526389 0.417969 0.527778 0.417188 0.529167 0.414844 0.529167 0.414062 0.527778 0.414062 0.526389 0.413281 0.525 0.413281 0.515278 0.367969 0.515278 0.382812 0.515278 0.383594 0.516667 0.382812 0.518056 0.371875 0.518056 0.371094 0.519444 0.36875 0.519444 0.371875 0.519444 0.372656 0.520833 0.375 0.520833 0.375781 0.522222 0.375 0.523611 0.371094 0.523611 0.370312 0.525 0.367969 0.525 0.367969 0.526389 0.367188 0.527778 0.367188 0.529167 0.366406 0.530556 0.364844 0.530556 0.364062 0.531944 0.363281 0.531944 0.3625 0.530556 0.363281 0.529167 0.3625 0.527778 0.357812 0.527778 0.357031 0.529167 0.357031 0.530556 0.357812 0.530556 0.358594 0.531944 0.357812 0.533333 0.35625 0.533333 0.355469 0.531944 0.353125 0.531944 0.352344 0.530556 0.352344 0.529167 0.339844 0.529167 0.339844 0.531944 0.338281 0.534722 0.333594 0.534722 0.332812 0.533333 0.332812 0.531944 0.332031 0.530556 0.33125 0.531944 0.326562 0.531944 0.326562 0.533333 0.325781 0.534722 0.325781 0.536111 0.324219 0.538889 0.323438 0.538889 0.322656 0.540278 0.321094 0.540278 0.317969 0.534722 0.317969 0.533333 0.317188 0.533333 0.316406 0.534722 0.309375 0.534722 0.308594 0.536111 0.301562 0.536111 0.300781 0.5375 0.29375 0.5375 0.292969 0.538889 0.290625 0.538889 0.289844 0.540278 0.289844 0.543056 0.289062 0.544444 0.289062 0.545833 0.288281 0.547222 0.2875 0.547222 0.286719 0.548611 0.285156 0.548611 0.284375 0.547222 0.282812 0.547222 0.28125 0.544444 0.28125 0.543056 0.280469 0.541667 0.280469 0.540278 0.278125 0.540278 0.277344 0.541667 0.271094 0.541667 0.270312 0.543056 0.263281 0.543056 0.2625 0.544444 0.260156 0.544444 0.260156 0.547222 0.259375 0.548611 0.259375 0.551389 0.249219 0.55 0.248438 0.548611 0.248438 0.545833 0.247656 0.545833 0.246875 0.547222 0.239844 0.547222 0.239062 0.548611 0.232031 0.548611 0.239062 0.548611 0.239844 0.55 0.249219 0.55 0.259375 0.551389 0.264844 0.551389 0.265625 0.55 0.267969 0.55 0.26875 0.551389 0.300781 0.551389 0.301562 0.552778 0.332031 0.552778 0.332812 0.551389 0.334375 0.551389 0.335156 0.552778 0.396094 0.552778 0.396875 0.551389 0.398438 0.551389 0.399219 0.552778 0.400781 0.552778 0.4 0.552778 0.399219 0.551389 0.4 0.55 0.401562 0.55 0.402344 0.551389 0.403125 0.551389 0.403906 0.552778 0.448438 0.552778
