9 0.342188 0.4625 0.342969 0.463889 0.342969 0.470833 0.342188 0.472222 0.341406 0.472222 0.345312 0.472222 0.346094 0.470833 0.348438 0.470833 0.348438 0.463889 0.346094 0.463889 0.345312 0.4625 0.341406 0.4625 0.342188 0.4625 0.342969 0.426389 0.34375 0.427778 0.340625 0.426389 0.340625 0.427778 0.339844 0.427778 0.339844 0.426389 0.321875 0.390278 0.324219 0.390278 0.324219 0.394444 0.323438 0.394444 0.322656 0.395833 0.322656 0.398611 0.303125 0.388889 0.302344 0.3875 0.301562 0.3875 0.300781 0.386111 0.300781 0.381944 0.301562 0.380556 0.302344 0.380556 0.303125 0.379167 0.302344 0.377778 0.302344 0.376389 0.3 0.376389 0.298438 0.373611 0.296875 0.373611 0.296094 0.375 0.295312 0.375 0.295312 0.380556 0.296094 0.381944 0.296094 0.384722 0.295312 0.386111 0.295312 0.390278 0.296094 0.391667 0.296094 0.394444 0.295312 0.395833 0.295312 0.401389 0.296094 0.402778 0.296094 0.405556 0.296875 0.406944 0.296875 0.408333 0.298438 0.408333 0.298438 0.406944 0.299219 0.405556 0.300781 0.405556 0.300781 0.402778 0.301562 0.401389 0.302344 0.401389 0.303125 0.4 0.302344 0.398611 0.302344 0.397222 0.301562 0.397222 0.300781 0.395833 0.300781 0.393056 0.301562 0.391667 0.302344 0.391667 0.303125 0.390278 0.303125 0.388889 0.322656 0.398611 0.323438 0.4 0.324219 0.4 0.324219 0.402778 0.322656 0.405556 0.322656 0.408333 0.323438 0.409722 0.324219 0.409722 0.324219 0.4125 0.323438 0.4125 0.322656 0.413889 0.322656 0.416667 0.321875 0.416667 0.321094 0.418056 0.319531 0.418056 0.31875 0.416667 0.31875 0.388889 0.319531 0.3875 0.320312 0.3875 0.321875 0.390278 0.339844 0.426389 0.340625 0.426389 0.34375 0.427778 0.34375 0.430556 0.344531 0.431944 0.345312 0.431944 0.345312 0.434722 0.344531 0.434722 0.34375 0.436111 0.34375 0.4375 0.345312 0.440278 0.345312 0.441667 0.34375 0.444444 0.34375 0.445833 0.344531 0.447222 0.345312 0.447222 0.345312 0.45 0.344531 0.45 0.34375 0.451389 0.34375 0.456944 0.342188 0.456944 0.342188 0.426389 0.342969 0.426389
82 0.342188 0.481944 0.342188 0.486111 0.342969 0.486111 0.34375 0.4875 0.34375 0.481944 0.342188 0.481944 0.339062 0.481944 0.341406 0.448611 0.339844 0.448611 0.339062 0.45 0.324219 0.413889 0.325 0.4125 0.317969 0.4125 0.317969 0.409722 0.323438 0.406944 0.332031 0.406944 0.325 0.406944 0.324219 0.405556 0.324219 0.404167 0.323438 0.405556 0.323438 0.406944 0.317969 0.409722 0.315625 0.409722 0.315625 0.4125 0.317969 0.4125 0.325 0.4125 0.325 0.409722 0.332031 0.409722 0.332031 0.413889 0.323438 0.413889 0.324219 0.413889 0.339062 0.45 0.339062 0.451389 0.332812 0.451389 0.332812 0.448611 0.341406 0.448611 0.339062 0.481944 0.3375 0.481944 0.3375 0.484722 0.339062 0.484722 0.339062 0.481944
9 0.6125 0.501389 0.611719 0.501389 0.611719 0.502778 0.6125 0.502778 0.6125 0.501389 0.621875 0.431944 0.621875 0.459722 0.614062 0.459722 0.613281 0.458333 0.6125 0.431944 0.6125 0.433333 0.610938 0.433333 0.610938 0.431944 0.55 0.411111 0.55 0.431944 0.549219 0.431944 0.548438 0.433333 0.547656 0.433333 0.546875 0.431944 0.546094 0.431944 0.504687 0.411111 0.503906 0.411111 0.503125 0.409722 0.502344 0.409722 0.501562 0.411111 0.501562 0.4125 0.500781 0.413889 0.500781 0.415278 0.501562 0.416667 0.501562 0.419444 0.500781 0.420833 0.500781 0.422222 0.501562 0.423611 0.501562 0.426389 0.500781 0.427778 0.500781 0.430556 0.502344 0.433333 0.503125 0.433333 0.503906 0.431944 0.504687 0.431944 0.504687 0.411111 0.546094 0.431944 0.546094 0.411111 0.546875 0.411111 0.547656 0.409722 0.548438 0.409722 0.549219 0.411111 0.55 0.411111 0.610938 0.431944 0.6125 0.431944 0.613281 0.458333 0.614062 0.456944 0.614062 0.431944 0.621875 0.431944
82 0.613281 0.4625 0.613281 0.465278 0.61875 0.465278 0.61875 0.4625 0.613281 0.4625 0.56875 0.426389 0.56875 0.420833 0.608594 0.413889 0.614844 0.413889 0.614844 0.405556 0.609375 0.405556 0.608594 0.406944 0.608594 0.413889 0.56875 0.420833 0.567969 0.419444 0.567969 0.420833 0.567188 0.422222 0.567969 0.423611 0.567188 0.425 0.567188 0.427778 0.567969 0.426389 0.56875 0.426389
2 0.98125 0.498611 0.980469 0.5 0.975 0.5 0.974219 0.501389 0.972656 0.501389 0.971875 0.502778 0.970312 0.502778 0.969531 0.504167 0.96875 0.504167 0.967969 0.505556 0.966406 0.505556 0.965625 0.506944 0.963281 0.506944 0.961719 0.509722 0.960938 0.509722 0.960156 0.511111 0.958594 0.511111 0.958594 0.530556 0.96875 0.530556 0.971094 0.534722 0.971875 0.534722 0.972656 0.536111 0.978125 0.536111 0.98125 0.530556 0.986719 0.530556 0.9875 0.531944 0.988281 0.531944 0.989062 0.533333 0.996094 0.533333 0.997656 0.530556 0.999219 0.530556 0.999219 0.5 0.997656 0.5 0.996875 0.498611
82 0.349219 0.470833 0.348438 0.472222 0.348438 0.486111 0.35 0.486111 0.35 0.470833
82 0.427344 0.480556 0.427344 0.490278 0.428906 0.490278 0.428906 0.480556
82 0.68125 0.486111 0.68125 0.491667 0.682812 0.491667 0.682812 0.486111 0.68125 0.486111 0.68125 0.480556 0.683594 0.480556 0.683594 0.479167 0.68125 0.479167 0.68125 0.480556
82 0.592188 0.486111 0.592188 0.493056 0.59375 0.493056 0.59375 0.486111
82 0.507812 0.484722 0.507812 0.491667 0.509375 0.491667 0.509375 0.484722
82 0.301562 0.384722 0.301562 0.386111 0.302344 0.386111 0.303906 0.388889 0.303906 0.390278 0.302344 0.393056 0.301562 0.393056 0.301562 0.395833 0.302344 0.395833 0.303125 0.397222 0.303125 0.398611 0.303906 0.4 0.302344 0.402778 0.301562 0.402778 0.303906 0.402778 0.303906 0.384722
82 0.307031 0.386111 0.307031 0.405556 0.308594 0.405556 0.309375 0.406944 0.310938 0.406944 0.310938 0.3875 0.309375 0.3875 0.308594 0.386111
2 0.467969 0.804167 0.467188 0.805556 0.449219 0.805556 0.448438 0.806944 0.432031 0.806944 0.43125 0.808333 0.41875 0.808333 0.417969 0.809722 0.40625 0.809722 0.405469 0.811111 0.394531 0.811111 0.39375 0.8125 0.384375 0.8125 0.383594 0.813889 0.374219 0.813889 0.373438 0.815278 0.36875 0.815278 0.367969 0.816667 0.365625 0.816667 0.364844 0.818056 0.361719 0.818056 0.360938 0.819444 0.359375 0.819444 0.358594 0.820833 0.357031 0.820833 0.35625 0.822222 0.354688 0.822222 0.353906 0.823611 0.353125 0.823611 0.352344 0.825 0.347656 0.825 0.346875 0.826389 0.339062 0.826389 0.338281 0.827778 0.330469 0.827778 0.329688 0.829167 0.321094 0.829167 0.320312 0.830556 0.311719 0.830556 0.310938 0.831944 0.300781 0.831944 0.3 0.833333 0.290625 0.833333 0.289844 0.834722 0.279688 0.834722 0.278906 0.836111 0.267969 0.836111 0.267188 0.8375 0.259375 0.8375 0.258594 0.838889 0.253906 0.838889 0.253125 0.840278 0.248438 0.840278 0.247656 0.841667 0.244531 0.841667 0.24375 0.843056 0.242188 0.843056 0.241406 0.844444 0.239062 0.844444 0.238281 0.845833 0.235938 0.845833 0.235156 0.847222 0.232812 0.847222 0.232031 0.848611 0.229688 0.848611 0.228906 0.85 0.226562 0.85 0.225781 0.851389 0.223438 0.851389 0.222656 0.852778 0.220312 0.852778 0.219531 0.854167 0.217188 0.854167 0.216406 0.855556 0.214844 0.855556 0.214062 0.856944 0.211719 0.856944 0.210938 0.858333 0.208594 0.858333 0.207812 0.859722 0.20625 0.859722 0.205469 0.861111 0.203125 0.861111 0.202344 0.8625 0.200781 0.8625 0.2 0.863889 0.197656 0.863889 0.196875 0.865278 0.195312 0.865278 0.194531 0.866667 0.192969 0.866667 0.192188 0.868056 0.190625 0.868056 0.189844 0.869444 0.188281 0.869444 0.1875 0.870833 0.185938 0.870833 0.185156 0.872222 0.184375 0.872222 0.183594 0.873611 0.182031 0.873611 0.18125 0.875 0.179688 0.875 0.178906 0.876389 0.177344 0.876389 0.176562 0.877778 0.175781 0.877778 0.175 0.879167 0.173438 0.879167 0.172656 0.880556 0.171875 0.880556 0.171094 0.881944 0.169531 0.881944 0.16875 0.883333 0.167969 0.883333 0.167188 0.884722 0.165625 0.884722 0.164844 0.886111 0.164062 0.886111 0.163281 0.8875 0.1625 0.8875 0.161719 0.888889 0.160156 0.888889 0.159375 0.890278 0.158594 0.890278 0.157812 0.891667 0.157031 0.891667 0.15625 0.893056 0.154688 0.893056 0.153906 0.894444 0.153125 0.894444 0.152344 0.895833 0.151562 0.895833 0.150781 0.897222 0.15 0.897222 0.149219 0.898611 0.148438 0.898611 0.147656 0.9 0.146875 0.9 0.146094 0.901389 0.145312 0.901389 0.144531 0.902778 0.142969 0.902778 0.142188 0.904167 0.141406 0.904167 0.140625 0.905556 0.139844 0.905556 0.139062 0.906944 0.138281 0.906944 0.1375 0.908333 0.136719 0.908333 0.135938 0.909722 0.135156 0.909722 0.134375 0.911111 0.133594 0.911111 0.132812 0.9125 0.132031 0.9125 0.13125 0.913889 0.130469 0.913889 0.129688 0.915278 0.128906 0.915278 0.128125 0.916667 0.127344 0.916667 0.126562 0.918056 0.125 0.918056 0.124219 0.919444 0.123438 0.919444 0.122656 0.920833 0.121875 0.920833 0.121094 0.922222 0.120312 0.922222 0.119531 0.923611 0.11875 0.923611 0.117969 0.925 0.117188 0.925 0.116406 0.926389 0.115625 0.926389 0.114844 0.927778 0.114062 0.927778 0.113281 0.929167 0.1125 0.929167 0.111719 0.930556 0.110938 0.930556 0.110156 0.931944 0.109375 0.931944 0.108594 0.933333 0.107812 0.933333 0.107031 0.934722 0.10625 0.934722 0.105469 0.936111 0.104688 0.936111 0.103906 0.9375 0.103125 0.9375 0.102344 0.938889 0.101562 0.938889 0.100781 0.940278 0.099219 0.940278 0.098438 0.941667 0.097656 0.941667 0.096875 0.943056 0.096094 0.943056 0.095312 0.944444 0.094531 0.944444 0.09375 0.945833 0.092969 0.945833 0.092188 0.947222 0.091406 0.947222 0.090625 0.948611 0.089844 0.948611 0.089062 0.95 0.088281 0.95 0.0875 0.951389 0.086719 0.951389 0.085938 0.952778 0.085156 0.952778 0.084375 0.954167 0.083594 0.954167 0.082812 0.955556 0.082031 0.955556 0.08125 0.956944 0.080469 0.956944 0.079688 0.958333 0.078906 0.958333 0.078125 0.959722 0.077344 0.959722 0.076562 0.961111 0.075781 0.961111 0.075 0.9625 0.074219 0.9625 0.073438 0.963889 0.072656 0.963889 0.071875 0.965278 0.071094 0.965278 0.070312 0.966667 0.069531 0.966667 0.06875 0.968056 0.067969 0.968056 0.067188 0.969444 0.066406 0.969444 0.065625 0.970833 0.064844 0.970833 0.064062 0.972222 0.063281 0.972222 0.0625 0.973611 0.061719 0.973611 0.060938 0.975 0.060156 0.975 0.059375 0.976389 0.058594 0.976389 0.057812 0.977778 0.057031 0.977778 0.05625 0.979167 0.055469 0.979167 0.054688 0.980556 0.053906 0.980556 0.053125 0.981944 0.052344 0.981944 0.051562 0.983333 0.050781 0.983333 0.05 0.984722 0.049219 0.984722 0.048438 0.986111 0.047656 0.986111 0.046875 0.9875 0.046094 0.9875 0.045312 0.988889 0.044531 0.988889 0.04375 0.990278 0.042969 0.990278 0.042188 0.991667 0.041406 0.991667 0.040625 0.993056 0.039844 0.993056 0.038281 0.995833 0.0375 0.995833 0.036719 0.997222 0.035938 0.997222 0.035156 0.998611 0.034375 0.998611 0.964844 0.998611 0.964062 0.998611 0.963281 0.997222 0.9625 0.997222 0.961719 0.995833 0.960938 0.995833 0.960156 0.994444 0.959375 0.994444 0.958594 0.993056 0.957812 0.993056 0.95625 0.990278 0.955469 0.990278 0.954688 0.988889 0.953906 0.988889 0.953125 0.9875 0.952344 0.9875 0.951562 0.986111 0.950781 0.986111 0.95 0.984722 0.949219 0.984722 0.948438 0.983333 0.947656 0.983333 0.946875 0.981944 0.946094 0.981944 0.945312 0.980556 0.944531 0.980556 0.94375 0.979167 0.942969 0.979167 0.942188 0.977778 0.941406 0.977778 0.940625 0.976389 0.939844 0.976389 0.939062 0.975 0.938281 0.975 0.9375 0.973611 0.936719 0.973611 0.935938 0.972222 0.935156 0.972222 0.934375 0.970833 0.933594 0.970833 0.932812 0.969444 0.932031 0.969444 0.93125 0.968056 0.930469 0.968056 0.929688 0.966667 0.928906 0.966667 0.928125 0.965278 0.927344 0.965278 0.926562 0.963889 0.925781 0.963889 0.925 0.9625 0.924219 0.9625 0.923438 0.961111 0.922656 0.961111 0.921875 0.959722 0.921094 0.959722 0.920312 0.958333 0.919531 0.958333 0.91875 0.956944 0.917969 0.956944 0.917188 0.955556 0.916406 0.955556 0.915625 0.954167 0.914844 0.954167 0.914062 0.952778 0.913281 0.952778 0.9125 0.951389 0.911719 0.951389 0.910938 0.95 0.910156 0.95 0.909375 0.948611 0.908594 0.948611 0.907812 0.947222 0.907031 0.947222 0.90625 0.945833 0.905469 0.945833 0.904688 0.944444 0.903906 0.944444 0.903125 0.943056 0.902344 0.943056 0.901562 0.941667 0.900781 0.941667 0.9 0.940278 0.898438 0.940278 0.897656 0.938889 0.896875 0.938889 0.896094 0.9375 0.895312 0.9375 0.894531 0.936111 0.89375 0.936111 0.892969 0.934722 0.892188 0.934722 0.891406 0.933333 0.890625 0.933333 0.889844 0.931944 0.889062 0.931944 0.888281 0.930556 0.8875 0.930556 0.886719 0.929167 0.885938 0.929167 0.885156 0.927778 0.884375 0.927778 0.883594 0.926389 0.882812 0.926389 0.882031 0.925 0.88125 0.925 0.880469 0.923611 0.879688 0.923611 0.878906 0.922222 0.878125 0.922222 0.877344 0.920833 0.876562 0.920833 0.875781 0.919444 0.874219 0.919444 0.873438 0.918056 0.872656 0.918056 0.871875 0.916667 0.871094 0.916667 0.870312 0.915278 0.869531 0.915278 0.86875 0.913889 0.867969 0.913889 0.867188 0.9125 0.866406 0.9125 0.865625 0.911111 0.864844 0.911111 0.864062 0.909722 0.863281 0.909722 0.8625 0.908333 0.861719 0.908333 0.860938 0.906944 0.860156 0.906944 0.859375 0.905556 0.858594 0.905556 0.857812 0.904167 0.857031 0.904167 0.85625 0.902778 0.854688 0.902778 0.853906 0.901389 0.853125 0.901389 0.852344 0.9 0.851562 0.9 0.850781 0.898611 0.85 0.898611 0.849219 0.897222 0.848438 0.897222 0.847656 0.895833 0.846875 0.895833 0.846094 0.894444 0.845312 0.894444 0.844531 0.893056 0.842969 0.893056 0.842188 0.891667 0.841406 0.891667 0.840625 0.890278 0.839844 0.890278 0.839062 0.888889 0.8375 0.888889 0.836719 0.8875 0.835938 0.8875 0.835156 0.886111 0.834375 0.886111 0.833594 0.884722 0.832031 0.884722 0.83125 0.883333 0.830469 0.883333 0.829688 0.881944 0.828125 0.881944 0.827344 0.880556 0.826562 0.880556 0.825781 0.879167 0.824219 0.879167 0.823438 0.877778 0.822656 0.877778 0.821875 0.876389 0.820312 0.876389 0.819531 0.875 0.817969 0.875 0.817188 0.873611 0.815625 0.873611 0.814844 0.872222 0.814062 0.872222 0.813281 0.870833 0.811719 0.870833 0.810938 0.869444 0.809375 0.869444 0.808594 0.868056 0.807031 0.868056 0.80625 0.866667 0.804688 0.866667 0.803906 0.865278 0.802344 0.865278 0.801562 0.863889 0.799219 0.863889 0.798438 0.8625 0.796875 0.8625 0.796094 0.861111 0.79375 0.861111 0.792969 0.859722 0.791406 0.859722 0.790625 0.858333 0.788281 0.858333 0.7875 0.856944 0.785156 0.856944 0.784375 0.855556 0.782812 0.855556 0.782031 0.854167 0.779688 0.854167 0.778906 0.852778 0.776562 0.852778 0.775781 0.851389 0.773438 0.851389 0.772656 0.85 0.770312 0.85 0.769531 0.848611 0.767969 0.848611 0.767188 0.847222 0.764844 0.847222 0.764062 0.845833 0.761719 0.845833 0.760938 0.844444 0.758594 0.844444 0.757812 0.843056 0.754688 0.843056 0.753906 0.841667 0.750781 0.841667 0.75 0.840278 0.746094 0.840278 0.745312 0.838889 0.740625 0.838889 0.739844 0.8375 0.732031 0.8375 0.73125 0.836111 0.720312 0.836111 0.719531 0.834722 0.708594 0.834722 0.707812 0.833333 0.698438 0.833333 0.697656 0.831944 0.688281 0.831944 0.6875 0.830556 0.678906 0.830556 0.678125 0.829167 0.669531 0.829167 0.66875 0.827778 0.661719 0.827778 0.660938 0.826389 0.653125 0.826389 0.652344 0.825 0.647656 0.825 0.646875 0.823611 0.645312 0.823611 0.644531 0.822222 0.642969 0.822222 0.642188 0.820833 0.640625 0.820833 0.639844 0.819444 0.6375 0.819444 0.636719 0.818056 0.634375 0.818056 0.633594 0.816667 0.63125 0.816667 0.630469 0.815278 0.625781 0.815278 0.625 0.813889 0.615625 0.813889 0.614844 0.8125 0.605469 0.8125 0.604688 0.811111 0.59375 0.811111 0.592969 0.809722 0.58125 0.809722 0.580469 0.808333 0.567188 0.808333 0.566406 0.806944 0.551562 0.806944 0.550781 0.805556 0.533594 0.805556 0.532812 0.804167 0.514844 0.804167 0.514062 0.805556 0.513281 0.805556 0.5125 0.806944 0.510938 0.806944 0.510156 0.808333 0.504687 0.808333 0.503906 0.806944 0.49375 0.806944 0.492969 0.808333 0.489844 0.808333 0.489062 0.806944 0.486719 0.806944 0.485938 0.805556 0.485156 0.805556 0.484375 0.804167
0 0.535156 0.495833 0.534375 0.497222 0.534375 0.498611 0.533594 0.5 0.533594 0.501389 0.534375 0.502778 0.533594 0.504167 0.534375 0.505556 0.534375 0.5125 0.534375 0.511111 0.535156 0.509722
0 0.8125 0.490278 0.8125 0.494444 0.810938 0.497222 0.810156 0.497222 0.809375 0.498611 0.809375 0.5 0.808594 0.501389 0.808594 0.511111 0.809375 0.511111 0.810156 0.509722 0.810938 0.511111 0.810938 0.5125 0.811719 0.513889 0.811719 0.518056 0.810938 0.519444 0.810938 0.520833 0.808594 0.525 0.808594 0.529167 0.809375 0.530556 0.810156 0.530556 0.809375 0.529167 0.809375 0.527778 0.8125 0.522222 0.8125 0.520833 0.813281 0.519444 0.814844 0.522222 0.814844 0.525 0.815625 0.526389 0.815625 0.527778 0.816406 0.529167 0.817969 0.529167 0.81875 0.527778 0.817969 0.527778 0.816406 0.525 0.816406 0.522222 0.815625 0.520833 0.815625 0.518056 0.814844 0.516667 0.814844 0.515278 0.814062 0.513889 0.814844 0.5125 0.814844 0.505556 0.815625 0.504167 0.817188 0.506944 0.817969 0.506944 0.819531 0.509722 0.819531 0.508333 0.816406 0.502778 0.816406 0.501389 0.815625 0.5 0.815625 0.498611 0.814062 0.495833 0.814844 0.494444 0.814844 0.490278
0 0.778906 0.488889 0.778125 0.490278 0.778125 0.493056 0.777344 0.494444 0.776562 0.494444 0.775 0.497222 0.775 0.504167 0.775781 0.505556 0.775 0.506944 0.775781 0.508333 0.775781 0.516667 0.775 0.518056 0.775 0.520833 0.774219 0.522222 0.774219 0.526389 0.775 0.527778 0.774219 0.529167 0.775 0.530556 0.777344 0.530556 0.776562 0.530556 0.775781 0.529167 0.775781 0.526389 0.776562 0.525 0.776562 0.522222 0.777344 0.520833 0.777344 0.519444 0.778125 0.518056 0.778125 0.513889 0.778906 0.5125 0.780469 0.515278 0.780469 0.527778 0.783594 0.527778 0.782031 0.527778 0.78125 0.526389 0.782031 0.525 0.782031 0.520833 0.782812 0.519444 0.782812 0.513889 0.782031 0.5125 0.782031 0.511111 0.78125 0.509722 0.78125 0.508333 0.780469 0.506944 0.780469 0.504167 0.78125 0.502778 0.78125 0.498611 0.780469 0.497222 0.780469 0.495833 0.779688 0.494444 0.780469 0.493056 0.780469 0.490278 0.779688 0.488889
0 0.894531 0.548611 0.894531 0.554167 0.895312 0.555556 0.895312 0.556944 0.896094 0.558333 0.896094 0.561111 0.895312 0.5625 0.897656 0.5625 0.896875 0.561111 0.896875 0.556944 0.896094 0.555556 0.896094 0.552778 0.895312 0.551389 0.895312 0.55 0.894531 0.548611 0.899219 0.544444 0.9 0.543056 0.9 0.541667 0.900781 0.540278 0.900781 0.538889 0.9 0.5375 0.9 0.531944 0.899219 0.530556 0.899219 0.529167 0.899219 0.531944 0.898438 0.533333 0.899219 0.534722 0.899219 0.5375 0.9 0.538889 0.9 0.540278 0.899219 0.541667 0.9 0.543056 0.899219 0.544444
0 0.732031 0.491667 0.73125 0.493056 0.730469 0.493056 0.730469 0.495833 0.73125 0.497222 0.730469 0.498611 0.729688 0.498611 0.728906 0.5 0.728906 0.502778 0.728125 0.504167 0.728125 0.506944 0.727344 0.508333 0.727344 0.509722 0.726562 0.511111 0.726562 0.5125 0.725781 0.513889 0.727344 0.511111 0.727344 0.509722 0.728125 0.508333 0.728125 0.506944 0.728906 0.505556 0.730469 0.508333 0.729688 0.509722 0.729688 0.518056 0.730469 0.519444 0.730469 0.523611 0.73125 0.525 0.73125 0.527778 0.732031 0.529167 0.732031 0.5375 0.733594 0.5375 0.733594 0.527778 0.732812 0.526389 0.732812 0.520833 0.733594 0.519444 0.733594 0.518056 0.735156 0.515278 0.735156 0.513889 0.735938 0.5125 0.735938 0.505556 0.735156 0.504167 0.735156 0.501389 0.734375 0.5 0.734375 0.498611 0.733594 0.498611 0.732031 0.495833 0.732812 0.494444 0.732031 0.493056
0 0.573438 0.494444 0.573438 0.495833 0.571875 0.498611 0.571875 0.501389 0.572656 0.502778 0.572656 0.504167 0.574219 0.504167 0.574219 0.502778 0.575 0.501389 0.575 0.5 0.574219 0.498611 0.574219 0.497222 0.573438 0.495833
0 0.603125 0.495833 0.601562 0.498611 0.601562 0.501389 0.600781 0.502778 0.600781 0.505556 0.601562 0.506944 0.601562 0.509722 0.601562 0.508333 0.602344 0.506944 0.603125 0.508333 0.603125 0.509722 0.603906 0.508333 0.603906 0.501389 0.603125 0.5
0 0.385938 0.508333 0.385938 0.509722 0.385156 0.511111 0.384375 0.509722 0.384375 0.516667 0.385156 0.518056 0.385156 0.520833 0.385156 0.5125 0.385938 0.511111
0 0.801562 0.488889 0.800781 0.490278 0.800781 0.494444 0.801562 0.495833 0.799219 0.5 0.798438 0.5 0.796875 0.502778 0.796875 0.508333 0.796094 0.509722 0.796094 0.511111 0.796875 0.5125 0.796875 0.516667 0.798438 0.519444 0.798438 0.530556 0.799219 0.531944 0.799219 0.554167 0.8 0.555556 0.8 0.558333 0.802344 0.558333 0.802344 0.556944 0.801562 0.555556 0.802344 0.554167 0.801562 0.552778 0.801562 0.543056 0.802344 0.541667 0.802344 0.527778 0.803125 0.526389 0.803906 0.527778 0.803906 0.530556 0.804688 0.531944 0.804688 0.541667 0.803906 0.543056 0.803906 0.554167 0.807031 0.554167 0.807812 0.555556 0.807812 0.554167 0.80625 0.551389 0.80625 0.55 0.807031 0.548611 0.807031 0.541667 0.807812 0.540278 0.807812 0.523611 0.808594 0.522222 0.808594 0.513889 0.807812 0.5125 0.807812 0.502778 0.804688 0.497222 0.804688 0.491667 0.805469 0.490278 0.804688 0.488889
0 0.638281 0.509722 0.639062 0.511111 0.639062 0.509722 0.638281 0.509722 0.636719 0.509722 0.636719 0.508333 0.6375 0.506944 0.6375 0.495833 0.6375 0.497222 0.636719 0.498611 0.636719 0.501389 0.635938 0.502778 0.636719 0.501389 0.6375 0.502778 0.6375 0.505556 0.636719 0.506944 0.636719 0.508333 0.635938 0.509722 0.635938 0.511111 0.636719 0.509722
0 0.8125 0.526389 0.8125 0.523611 0.810938 0.526389 0.810938 0.527778 0.810156 0.529167 0.8125 0.529167 0.811719 0.527778 0.8125 0.526389 0.814062 0.525 0.814844 0.526389 0.810156 0.519444 0.810938 0.518056 0.810938 0.513889 0.817188 0.508333 0.817188 0.511111 0.817969 0.5125 0.816406 0.5 0.816406 0.495833 0.815625 0.494444 0.815625 0.490278 0.815625 0.494444 0.814844 0.495833 0.816406 0.498611 0.816406 0.5 0.817969 0.5125 0.817969 0.519444 0.817188 0.520833 0.817188 0.522222 0.816406 0.520833 0.816406 0.518056 0.815625 0.516667 0.815625 0.515278 0.814844 0.513889 0.815625 0.5125 0.815625 0.505556 0.817188 0.508333 0.810938 0.513889 0.810156 0.5125 0.810156 0.511111 0.809375 0.5125 0.810156 0.513889 0.810156 0.519444 0.814844 0.526389 0.814844 0.527778 0.814062 0.526389 0.814062 0.522222 0.814062 0.525
2 0.320312 0.475 0.320312 0.481944 0.319531 0.483333 0.311719 0.483333 0.310938 0.481944 0.285938 0.481944 0.285156 0.483333 0.270312 0.483333 0.269531 0.484722 0.260938 0.484722 0.260156 0.486111 0.253906 0.486111 0.253125 0.4875 0.248438 0.4875 0.247656 0.488889 0.246875 0.488889 0.235156 0.509722 0.234375 0.509722 0.216406 0.541667 0.214062 0.541667 0.213281 0.543056 0.209375 0.543056 0.208594 0.544444 0.205469 0.544444 0.204688 0.545833 0.2 0.545833 0.199219 0.547222 0.196094 0.547222 0.195312 0.548611 0.192188 0.548611 0.191406 0.55 0.189062 0.55 0.188281 0.551389 0.186719 0.551389 0.185938 0.552778 0.184375 0.552778 0.183594 0.554167 0.182031 0.554167 0.18125 0.555556 0.180469 0.555556 0.179688 0.556944 0.178906 0.556944 0.178125 0.558333 0.177344 0.558333 0.176562 0.559722 0.175781 0.559722 0.175 0.561111 0.174219 0.561111 0.171875 0.565278 0.171094 0.565278 0.167188 0.572222 0.166406 0.572222 0.164062 0.576389 0.163281 0.576389 0.160156 0.581944 0.160156 0.583333 0.158594 0.586111 0.158594 0.5875 0.15625 0.591667 0.15625 0.593056 0.155469 0.594444 0.155469 0.595833 0.154688 0.597222 0.154688 0.598611 0.153906 0.6 0.153906 0.602778 0.153125 0.604167 0.153125 0.609722 0.152344 0.611111 0.152344 0.615278 0.151562 0.616667 0.151562 0.620833 0.150781 0.622222 0.150781 0.629167 0.15 0.630556 0.15 0.636111 0.149219 0.6375 0.149219 0.644444 0.148438 0.645833 0.148438 0.656944 0.149219 0.658333 0.149219 0.663889 0.15 0.665278 0.15 0.673611 0.149219 0.675 0.15 0.676389 0.15 0.683333 0.150781 0.683333 0.151562 0.684722 0.152344 0.684722 0.153125 0.686111 0.15625 0.686111 0.157031 0.6875 0.1625 0.6875 0.164844 0.691667 0.165625 0.691667 0.166406 0.693056 0.167969 0.693056 0.16875 0.694444 0.186719 0.694444 0.1875 0.693056 0.189844 0.693056 0.190625 0.691667 0.191406 0.691667 0.192188 0.690278 0.264844 0.690278 0.265625 0.688889 0.267969 0.688889 0.26875 0.6875 0.277344 0.6875 0.278125 0.686111 0.285156 0.686111 0.285938 0.684722 0.291406 0.684722 0.292188 0.683333 0.296094 0.683333 0.296875 0.681944 0.297656 0.683333 0.297656 0.684722 0.298438 0.686111 0.298438 0.6875 0.299219 0.688889 0.299219 0.690278 0.301562 0.694444 0.302344 0.694444 0.303125 0.695833 0.320312 0.695833 0.321094 0.694444 0.321875 0.694444 0.324219 0.690278 0.324219 0.688889 0.325781 0.686111 0.325781 0.684722 0.326562 0.683333 0.326562 0.680556 0.327344 0.679167 0.327344 0.676389 0.328125 0.675 0.328125 0.672222 0.328906 0.670833 0.328906 0.665278 0.329688 0.663889 0.329688 0.656944 0.33125 0.654167 0.332812 0.654167 0.333594 0.652778 0.334375 0.652778 0.335156 0.651389 0.335938 0.651389 0.336719 0.65 0.3375 0.65 0.338281 0.648611 0.339062 0.648611 0.339844 0.647222 0.340625 0.647222 0.341406 0.645833 0.342188 0.645833 0.34375 0.643056 0.344531 0.643056 0.345312 0.641667 0.346094 0.641667 0.346875 0.640278 0.347656 0.640278 0.348438 0.638889 0.349219 0.638889 0.35 0.6375 0.350781 0.6375 0.351562 0.636111 0.352344 0.636111 0.353125 0.634722 0.353906 0.634722 0.355469 0.631944 0.35625 0.631944 0.357031 0.630556 0.357812 0.630556 0.358594 0.629167 0.359375 0.629167 0.360156 0.627778 0.361719 0.630556 0.361719 0.631944 0.3625 0.633333 0.3625 0.634722 0.364062 0.634722 0.364844 0.636111 0.366406 0.636111 0.367188 0.634722 0.367969 0.636111 0.373438 0.636111 0.374219 0.634722 0.375 0.634722 0.376562 0.631944 0.376562 0.630556 0.377344 0.629167 0.377344 0.627778 0.378125 0.626389 0.378125 0.620833 0.378906 0.619444 0.378906 0.611111 0.379688 0.609722 0.379688 0.588889 0.378906 0.5875 0.378906 0.580556 0.378125 0.579167 0.378125 0.566667 0.377344 0.565278 0.377344 0.554167 0.376562 0.552778 0.376562 0.55 0.375781 0.548611 0.375781 0.545833 0.375 0.544444 0.375 0.541667 0.373438 0.538889 0.373438 0.5375 0.369531 0.530556 0.36875 0.530556 0.364844 0.523611 0.364844 0.522222 0.363281 0.519444 0.363281 0.518056 0.361719 0.515278 0.361719 0.513889 0.359375 0.509722 0.359375 0.508333 0.357031 0.504167 0.357031 0.502778 0.354688 0.498611 0.354688 0.497222 0.353125 0.494444 0.353906 0.493056 0.353906 0.491667 0.353125 0.490278 0.347656 0.490278 0.346875 0.488889 0.34375 0.488889 0.342969 0.4875 0.339844 0.4875 0.339062 0.486111 0.334375 0.486111 0.333594 0.484722 0.326562 0.484722 0.325781 0.483333 0.321094 0.483333 0.320312 0.481944
2 0.254688 0.493056 0.252344 0.497222 0.251563 0.497222 0.245312 0.508333 0.244531 0.508333 0.24375 0.509722 0.24375 0.511111 0.238281 0.520833 0.238281 0.522222 0.235156 0.527778 0.235156 0.529167 0.232812 0.533333 0.232812 0.534722 0.23125 0.5375 0.247656 0.5375 0.248438 0.538889 0.25625 0.538889 0.257812 0.536111 0.257812 0.534722 0.259375 0.531944 0.260156 0.533333 0.260156 0.531944 0.260938 0.530556 0.261719 0.530556 0.261719 0.508333 0.259375 0.504167 0.259375 0.502778 0.258594 0.501389 0.258594 0.5 0.257812 0.498611 0.257812 0.497222 0.255469 0.497222 0.253906 0.494444 0.254688 0.493056 0.253125 0.486111 0.253906 0.484722 0.254688 0.484722 0.253906 0.483333 0.253906 0.481944 0.253125 0.480556 0.253125 0.477778 0.252344 0.476389 0.252344 0.475 0.251563 0.473611 0.251563 0.470833 0.250781 0.469444 0.250781 0.468056 0.249219 0.468056 0.248438 0.466667 0.246094 0.466667 0.245312 0.465278 0.244531 0.465278 0.24375 0.463889 0.242969 0.463889 0.242188 0.4625 0.239062 0.4625 0.238281 0.461111 0.233594 0.461111 0.232812 0.459722 0.227344 0.459722 0.226562 0.458333 0.21875 0.458333 0.217969 0.456944 0.205469 0.456944 0.204688 0.455556 0.195312 0.455556 0.194531 0.456944 0.14375 0.456944 0.142969 0.455556 0.13125 0.455556 0.130469 0.456944 0.126562 0.456944 0.125781 0.458333 0.123438 0.458333 0.122656 0.459722 0.117188 0.459722 0.116406 0.461111 0.113281 0.461111 0.1125 0.4625 0.110938 0.4625 0.110156 0.463889 0.109375 0.463889 0.108594 0.465278 0.107031 0.465278 0.103906 0.470833 0.103125 0.470833 0.100781 0.475 0.1 0.475 0.096875 0.480556 0.096094 0.480556 0.09375 0.484722 0.092969 0.484722 0.090625 0.488889 0.089844 0.488889 0.0875 0.493056 0.086719 0.493056 0.083594 0.498611 0.082812 0.498611 0.080469 0.502778 0.079688 0.502778 0.075781 0.509722 0.075 0.509722 0.074219 0.511111 0.070312 0.511111 0.069531 0.5125 0.064844 0.5125 0.064062 0.513889 0.059375 0.513889 0.058594 0.515278 0.053906 0.515278 0.053125 0.516667 0.049219 0.516667 0.048438 0.518056 0.044531 0.518056 0.04375 0.519444 0.039844 0.519444 0.039062 0.520833 0.035156 0.520833 0.034375 0.522222 0.030469 0.522222 0.029688 0.523611 0.025 0.523611 0.024219 0.525 0.021875 0.525 0.021094 0.526389 0.019531 0.526389 0.01875 0.527778 0.017188 0.527778 0.015625 0.530556 0.014844 0.530556 0.0125 0.534722 0.0125 0.540278 0.011719 0.541667 0.011719 0.543056 0.010938 0.544444 0.010156 0.544444 0.010156 0.545833 0.009375 0.547222 0.010156 0.548611 0.009375 0.55 0.009375 0.551389 0.008594 0.552778 0.008594 0.554167 0.003125 0.563889 0.002344 0.563889 0.0 0.568056 0.0 0.627778 0.00625 0.627778 0.007031 0.629167 0.007031 0.630556 0.010938 0.630556 0.0125 0.633333 0.0125 0.636111 0.013281 0.6375 0.013281 0.638889 0.014062 0.640278 0.014062 0.641667 0.016406 0.645833 0.016406 0.647222 0.01875 0.651389 0.019531 0.651389 0.021094 0.654167 0.021875 0.654167 0.022656 0.655556 0.042188 0.655556 0.042969 0.654167 0.046094 0.654167 0.046875 0.652778 0.05 0.652778 0.050781 0.651389 0.053906 0.651389 0.054688 0.65 0.057812 0.65 0.058594 0.648611 0.061719 0.648611 0.0625 0.647222 0.064062 0.647222 0.067188 0.641667 0.067188 0.640278 0.06875 0.6375 0.06875 0.636111 0.070312 0.633333 0.070312 0.631944 0.071094 0.630556 0.072656 0.630556 0.073438 0.629167 0.077344 0.629167 0.078125 0.630556 0.091406 0.630556 0.092969 0.627778 0.103906 0.627778 0.104688 0.626389 0.114062 0.626389 0.114844 0.625 0.121875 0.625 0.123438 0.627778 0.123438 0.633333 0.124219 0.634722 0.124219 0.6375 0.125 0.638889 0.125 0.640278 0.125781 0.641667 0.125781 0.643056 0.126562 0.644444 0.126562 0.645833 0.127344 0.647222 0.127344 0.648611 0.130469 0.654167 0.13125 0.654167 0.132812 0.656944 0.134375 0.656944 0.135156 0.658333 0.148438 0.658333 0.147656 0.656944 0.147656 0.645833 0.148438 0.644444 0.148438 0.6375 0.149219 0.636111 0.149219 0.630556 0.15 0.629167 0.15 0.622222 0.150781 0.620833 0.150781 0.616667 0.151562 0.615278 0.151562 0.611111 0.152344 0.609722 0.152344 0.604167 0.153125 0.602778 0.153125 0.6 0.153906 0.598611 0.153906 0.597222 0.154688 0.595833 0.154688 0.594444 0.155469 0.593056 0.155469 0.591667 0.157812 0.5875 0.157812 0.586111 0.159375 0.583333 0.159375 0.581944 0.163281 0.575 0.164062 0.575 0.166406 0.570833 0.167188 0.570833 0.171094 0.563889 0.171875 0.563889 0.174219 0.559722 0.175 0.559722 0.175781 0.558333 0.176562 0.558333 0.177344 0.556944 0.178125 0.556944 0.178906 0.555556 0.179688 0.555556 0.180469 0.554167 0.18125 0.554167 0.182031 0.552778 0.183594 0.552778 0.184375 0.551389 0.185938 0.551389 0.186719 0.55 0.188281 0.55 0.189062 0.548611 0.191406 0.548611 0.192188 0.547222 0.195312 0.547222 0.196094 0.545833 0.199219 0.545833 0.2 0.544444 0.204688 0.544444 0.205469 0.543056 0.208594 0.543056 0.209375 0.541667 0.213281 0.541667 0.214062 0.540278 0.216406 0.540278 0.234375 0.508333 0.235156 0.508333 0.239844 0.5 0.239062 0.5 0.238281 0.498611 0.238281 0.495833 0.2375 0.494444 0.2375 0.491667 0.236719 0.490278 0.236719 0.488889 0.235938 0.4875 0.235938 0.484722 0.235156 0.483333 0.235156 0.481944 0.234375 0.480556 0.234375 0.477778 0.233594 0.476389 0.234375 0.475 0.24375 0.475 0.246094 0.479167 0.246094 0.481944 0.246875 0.483333 0.246875 0.4875 0.247656 0.4875 0.248438 0.486111 0.253125 0.486111
2 0.899219 0.515278 0.898438 0.513889 0.898438 0.511111 0.897656 0.509722 0.897656 0.511111 0.898438 0.5125 0.898438 0.515278 0.899219 0.515278 0.902344 0.516667 0.902344 0.520833 0.901562 0.522222 0.899219 0.522222 0.899219 0.527778 0.874219 0.529167 0.873438 0.527778 0.873438 0.516667 0.874219 0.515278 0.874219 0.509722 0.873438 0.508333 0.873438 0.506944 0.874219 0.505556 0.874219 0.501389 0.873438 0.502778 0.870312 0.502778 0.869531 0.501389 0.869531 0.5 0.870312 0.498611 0.874219 0.498611 0.874219 0.495833 0.864844 0.495833 0.864844 0.497222 0.867188 0.501389 0.869531 0.501389 0.870312 0.502778 0.870312 0.508333 0.869531 0.509722 0.866406 0.509722 0.865625 0.508333 0.864844 0.508333 0.864844 0.540278 0.865625 0.540278 0.866406 0.538889 0.867188 0.538889 0.867969 0.5375 0.867969 0.536111 0.86875 0.534722 0.874219 0.534722 0.874219 0.529167 0.899219 0.527778 0.9 0.529167 0.9 0.530556 0.900781 0.531944 0.900781 0.534722 0.902344 0.534722 0.903125 0.536111 0.903125 0.5375 0.904688 0.540278 0.9125 0.540278 0.913281 0.538889 0.914062 0.538889 0.914062 0.5375 0.914844 0.536111 0.914844 0.534722 0.915625 0.533333 0.916406 0.533333 0.917188 0.531944 0.917188 0.527778 0.916406 0.526389 0.916406 0.522222 0.915625 0.520833 0.915625 0.518056 0.914844 0.516667 0.914844 0.515278 0.914062 0.513889 0.914062 0.5125 0.913281 0.511111 0.913281 0.509722 0.911719 0.509722 0.910938 0.508333 0.910156 0.508333 0.904688 0.498611 0.905469 0.497222 0.903125 0.497222 0.903125 0.501389 0.90625 0.506944 0.905469 0.508333 0.904688 0.508333 0.904688 0.509722 0.903125 0.5125 0.903125 0.515278 0.902344 0.516667
0 0.385156 0.522222 0.385938 0.522222 0.385938 0.5125 0.385938 0.520833 0.385156 0.522222 0.383594 0.523611 0.383594 0.509722 0.384375 0.508333 0.385156 0.509722 0.385156 0.508333 0.385938 0.506944 0.386719 0.508333 0.386719 0.501389 0.385938 0.5 0.385938 0.497222 0.385156 0.497222 0.384375 0.495833 0.384375 0.494444 0.385156 0.493056 0.385156 0.491667 0.383594 0.491667 0.383594 0.495833 0.382812 0.497222 0.382031 0.497222 0.382031 0.498611 0.38125 0.5 0.38125 0.505556 0.382812 0.508333 0.382812 0.523611 0.383594 0.523611
2 0.582031 0.5 0.582812 0.501389 0.582812 0.502778 0.582031 0.504167 0.58125 0.504167 0.580469 0.505556 0.578906 0.502778 0.579688 0.501389 0.578906 0.502778 0.578906 0.504167 0.578125 0.505556 0.572656 0.505556 0.571875 0.506944 0.571875 0.5125 0.573438 0.515278 0.574219 0.515278 0.575781 0.5125 0.578906 0.5125 0.580469 0.515278 0.582031 0.515278 0.582031 0.513889 0.582812 0.5125 0.585156 0.5125 0.585938 0.513889 0.588281 0.513889 0.589062 0.5125 0.592188 0.5125 0.59375 0.515278 0.594531 0.515278 0.595312 0.513889 0.595312 0.5125 0.596094 0.511111 0.596875 0.5125 0.596875 0.504167 0.594531 0.504167 0.59375 0.502778 0.592969 0.502778 0.592188 0.501389 0.591406 0.501389 0.590625 0.5
0 0.8875 0.472222 0.885156 0.476389 0.885156 0.483333 0.884375 0.484722 0.883594 0.484722 0.882031 0.4875 0.88125 0.4875 0.880469 0.488889 0.879688 0.488889 0.878906 0.490278 0.878125 0.490278 0.878125 0.491667 0.877344 0.493056 0.877344 0.494444 0.876562 0.495833 0.876562 0.498611 0.875781 0.5 0.875781 0.502778 0.875 0.504167 0.875 0.505556 0.874219 0.506944 0.874219 0.508333 0.875 0.509722 0.875 0.515278 0.874219 0.516667 0.874219 0.527778 0.875 0.529167 0.876562 0.529167 0.875781 0.527778 0.875781 0.519444 0.877344 0.516667 0.877344 0.515278 0.878125 0.513889 0.878125 0.5125 0.879688 0.509722 0.880469 0.511111 0.880469 0.5125 0.879688 0.513889 0.879688 0.516667 0.878906 0.518056 0.878906 0.531944 0.879688 0.533333 0.879688 0.540278 0.880469 0.541667 0.880469 0.545833 0.88125 0.545833 0.882031 0.547222 0.882812 0.547222 0.883594 0.548611 0.883594 0.554167 0.884375 0.555556 0.884375 0.556944 0.885156 0.558333 0.885156 0.5625 0.885938 0.563889 0.885938 0.565278 0.885156 0.566667 0.885156 0.569444 0.885938 0.570833 0.885938 0.572222 0.886719 0.573611 0.8875 0.573611 0.888281 0.575 0.8875 0.576389 0.8875 0.577778 0.888281 0.577778 0.889062 0.579167 0.891406 0.579167 0.891406 0.563889 0.892188 0.5625 0.892188 0.561111 0.892969 0.559722 0.892969 0.558333 0.89375 0.556944 0.89375 0.548611 0.894531 0.547222 0.895312 0.548611 0.896875 0.548611 0.896875 0.544444 0.897656 0.543056 0.897656 0.533333 0.898438 0.531944 0.898438 0.522222 0.899219 0.520833 0.901562 0.520833 0.901562 0.516667 0.902344 0.515278 0.902344 0.5125 0.903906 0.509722 0.903906 0.508333 0.904688 0.506944 0.903125 0.504167 0.903125 0.502778 0.902344 0.501389 0.902344 0.497222 0.901562 0.495833 0.901562 0.493056 0.9 0.490278 0.899219 0.490278 0.898438 0.488889 0.897656 0.488889 0.896875 0.4875 0.896094 0.4875 0.894531 0.484722 0.894531 0.483333 0.89375 0.483333 0.892969 0.481944 0.892969 0.476389 0.891406 0.473611 0.890625 0.473611 0.889844 0.472222 0.889062 0.473611 0.888281 0.472222
0 0.460156 0.494444 0.460156 0.497222 0.459375 0.498611 0.458594 0.498611 0.457812 0.5 0.457812 0.506944 0.459375 0.509722 0.459375 0.511111 0.458594 0.5125 0.458594 0.516667 0.459375 0.515278 0.459375 0.513889 0.460156 0.5125 0.460156 0.511111 0.460938 0.509722 0.460938 0.508333 0.461719 0.506944 0.461719 0.504167 0.4625 0.502778 0.461719 0.501389 0.461719 0.5 0.460156 0.497222 0.460938 0.495833
0 0.538281 0.495833 0.538281 0.497222 0.5375 0.498611 0.5375 0.5125 0.5375 0.511111 0.538281 0.509722 0.539062 0.511111 0.539062 0.5125 0.539062 0.511111 0.539844 0.509722 0.539844 0.505556 0.539062 0.504167 0.539844 0.502778 0.539844 0.5 0.539062 0.498611 0.539062 0.495833
0 0.638281 0.495833 0.638281 0.508333 0.638281 0.506944 0.639062 0.505556 0.639844 0.506944 0.639844 0.508333 0.640625 0.509722 0.640625 0.511111 0.640625 0.509722 0.639844 0.508333 0.639844 0.504167 0.639062 0.502778 0.639062 0.498611 0.638281 0.497222
81 0.475781 0.516667 0.467969 0.516667 0.467188 0.518056 0.445312 0.518056 0.444531 0.519444 0.426562 0.519444 0.425781 0.520833 0.411719 0.520833 0.410938 0.522222 0.399219 0.522222 0.398438 0.523611 0.388281 0.523611 0.3875 0.525 0.378906 0.525 0.378125 0.526389 0.371875 0.526389 0.371094 0.527778 0.367969 0.527778 0.36875 0.529167 0.373438 0.529167 0.374219 0.527778 0.380469 0.527778 0.38125 0.526389 0.388281 0.526389 0.389062 0.525 0.397656 0.525 0.398438 0.523611 0.408594 0.523611 0.409375 0.522222 0.421094 0.522222 0.421875 0.520833 0.435938 0.520833 0.436719 0.519444 0.453906 0.519444 0.454688 0.518056 0.475 0.518056 0.475781 0.516667 0.4875 0.516667 0.503125 0.516667 0.503906 0.515278 0.541406 0.515278 0.542188 0.513889 0.571875 0.513889 0.803906 0.531944 0.803125 0.531944 0.798438 0.531944 0.734375 0.531944 0.73125 0.531944 0.73125 0.533333 0.660156 0.533333 0.659375 0.531944 0.628906 0.531944 0.628125 0.530556 0.607812 0.530556 0.607031 0.529167 0.592969 0.529167 0.592188 0.527778 0.585156 0.527778 0.584375 0.526389 0.583594 0.526389 0.583594 0.525 0.584375 0.523611 0.585156 0.523611 0.586719 0.526389 0.59375 0.526389 0.830469 0.572222 0.829688 0.573611 0.823438 0.573611 0.822656 0.575 0.81875 0.575 0.817969 0.576389 0.814844 0.576389 0.814062 0.577778 0.811719 0.577778 0.810938 0.579167 0.810156 0.579167 0.809375 0.580556 0.807812 0.580556 0.807031 0.581944 0.489844 0.511111 0.580469 0.526389 0.582812 0.526389 0.583594 0.527778 0.584375 0.527778 0.792188 0.591667 0.457812 0.516667 0.460156 0.515278 0.486719 0.515278 0.4875 0.515278 0.496875 0.515278 0.497656 0.513889 0.538281 0.513889 0.814844 0.529167 0.814062 0.527778 0.8125 0.527778 0.813281 0.529167 0.8125 0.530556 0.810938 0.530556 0.827344 0.530556 0.827344 0.527778 0.819531 0.527778 0.779688 0.527778 0.776562 0.527778 0.776562 0.529167 0.777344 0.529167 0.778125 0.530556 0.797656 0.530556 0.797656 0.527778 0.774219 0.527778 0.734375 0.527778 0.65 0.519444 0.65 0.518056 0.646875 0.518056 0.646875 0.519444 0.586719 0.525 0.934375 0.568056 0.892188 0.568056 0.892188 0.579167 0.891406 0.580556 0.889062 0.580556 0.888281 0.579167 0.8875 0.579167 0.886719 0.577778 0.886719 0.576389 0.8875 0.575 0.886719 0.575 0.885156 0.572222 0.885156 0.570833 0.884375 0.569444 0.884375 0.568056 0.883594 0.568056 0.883594 0.575 0.882031 0.577778 0.877344 0.577778 0.876562 0.576389 0.875 0.576389 0.874219 0.575 0.874219 0.569444 0.864844 0.569444 0.864844 0.575 0.864062 0.576389 0.861719 0.576389 0.860938 0.577778 0.860938 0.581944 0.860156 0.583333 0.860156 0.5875 0.859375 0.588889 0.859375 0.593056 0.857812 0.595833 0.85625 0.595833 0.855469 0.594444 0.847656 0.594444 0.846875 0.593056 0.844531 0.593056 0.84375 0.591667 0.841406 0.591667 0.840625 0.590278 0.838281 0.590278 0.8375 0.588889 0.835156 0.588889 0.834375 0.5875 0.832812 0.5875 0.832031 0.586111 0.832031 0.581944 0.83125 0.580556 0.83125 0.575 0.825781 0.575 0.825 0.576389 0.821875 0.576389 0.821094 0.577778 0.81875 0.577778 0.817969 0.579167 0.816406 0.579167 0.815625 0.580556 0.814844 0.580556 0.814062 0.581944 0.814062 0.583333 0.813281 0.584722 0.814844 0.5875 0.815625 0.5875 0.816406 0.588889 0.817188 0.588889 0.817969 0.590278 0.819531 0.590278 0.820312 0.591667 0.821094 0.591667 0.821875 0.593056 0.824219 0.593056 0.825 0.594444 0.826562 0.594444 0.827344 0.595833 0.829688 0.595833 0.830469 0.597222 0.832812 0.597222 0.833594 0.598611 0.835938 0.598611 0.836719 0.6 0.839062 0.6 0.839844 0.601389 0.842969 0.601389 0.84375 0.602778 0.846875 0.602778 0.847656 0.604167 0.850781 0.604167 0.851562 0.605556 0.854688 0.605556 0.855469 0.606944 0.858594 0.606944 0.859375 0.608333 0.863281 0.608333 0.864062 0.609722 0.867188 0.609722 0.867969 0.611111 0.871875 0.611111 0.872656 0.6125 0.876562 0.6125 0.877344 0.613889 0.88125 0.613889 0.882031 0.615278 0.885156 0.615278 0.885938 0.616667 0.889844 0.616667 0.890625 0.618056 0.894531 0.618056 0.895312 0.619444 0.899219 0.619444 0.9 0.620833 0.903906 0.620833 0.904688 0.622222 0.908594 0.622222 0.909375 0.623611 0.913281 0.623611 0.914062 0.625 0.917188 0.625 0.917969 0.626389 0.921875 0.626389 0.922656 0.627778 0.926562 0.627778 0.927344 0.629167 0.93125 0.629167 0.932031 0.630556 0.935938 0.630556 0.936719 0.631944 0.940625 0.631944 0.941406 0.633333 0.945312 0.633333 0.946094 0.634722 0.949219 0.634722 0.95 0.636111 0.953906 0.636111 0.954688 0.6375 0.958594 0.6375 0.959375 0.638889 0.963281 0.638889 0.964062 0.640278 0.967969 0.640278 0.96875 0.641667 0.972656 0.641667 0.973438 0.643056 0.976562 0.643056 0.977344 0.644444 0.98125 0.644444 0.982031 0.645833 0.985938 0.645833 0.986719 0.647222 0.990625 0.647222 0.991406 0.648611 0.995312 0.648611 0.996094 0.65 0.999219 0.65 0.999219 0.568056 0.960938 0.568056 0.960938 0.572222 0.961719 0.573611 0.961719 0.590278 0.9625 0.591667 0.9625 0.598611 0.963281 0.6 0.963281 0.604167 0.964062 0.605556 0.972656 0.605556 0.973438 0.606944 0.978906 0.606944 0.979688 0.608333 0.985156 0.608333 0.985938 0.609722 0.989844 0.609722 0.990625 0.611111 0.992969 0.611111 0.99375 0.6125 0.995312 0.6125 0.996875 0.615278 0.996875 0.616667 0.997656 0.618056 0.996875 0.619444 0.997656 0.620833 0.996875 0.622222 0.996875 0.623611 0.996094 0.625 0.995312 0.625 0.994531 0.626389 0.953906 0.626389 0.953125 0.625 0.942188 0.625 0.941406 0.623611 0.932812 0.623611 0.932031 0.622222 0.925 0.622222 0.924219 0.620833 0.91875 0.620833 0.917969 0.619444 0.913281 0.619444 0.9125 0.618056 0.908594 0.618056 0.907812 0.616667 0.904688 0.616667 0.903906 0.615278 0.902344 0.615278 0.901562 0.613889 0.9 0.613889 0.898438 0.611111 0.898438 0.604167 0.899219 0.602778 0.9 0.602778 0.900781 0.601389 0.925781 0.601389 0.926562 0.6 0.933594 0.6 0.934375 0.598611 0.934375 0.5875 0.935156 0.586111 0.935156 0.577778 0.934375 0.576389 0.934375 0.568056 0.586719 0.525 0.59375 0.525 0.594531 0.526389 0.607812 0.526389 0.608594 0.527778 0.629688 0.527778 0.630469 0.529167 0.6625 0.529167 0.663281 0.530556 0.73125 0.530556 0.73125 0.529167 0.730469 0.527778 0.721094 0.527778 0.720312 0.529167 0.710938 0.529167 0.710156 0.527778 0.708594 0.527778 0.707812 0.529167 0.70625 0.529167 0.705469 0.530556 0.703125 0.530556 0.702344 0.529167 0.702344 0.527778 0.701562 0.527778 0.700781 0.529167 0.698438 0.529167 0.697656 0.530556 0.696094 0.530556 0.695312 0.529167 0.695312 0.527778 0.69375 0.527778 0.692969 0.529167 0.689062 0.529167 0.688281 0.527778 0.6875 0.529167 0.684375 0.529167 0.683594 0.527778 0.68125 0.527778 0.680469 0.529167 0.677344 0.529167 0.676562 0.527778 0.674219 0.527778 0.673438 0.529167 0.671094 0.529167 0.670312 0.527778 0.664062 0.527778 0.663281 0.526389 0.655469 0.526389 0.654688 0.527778 0.653906 0.526389 0.651562 0.526389 0.650781 0.525 0.648438 0.525 0.647656 0.523611 0.647656 0.522222 0.646875 0.522222 0.646875 0.523611 0.646094 0.525 0.645312 0.523611 0.645312 0.522222 0.644531 0.523611 0.64375 0.522222 0.64375 0.525 0.642969 0.526389 0.642188 0.526389 0.641406 0.525 0.641406 0.518056 0.621094 0.518056 0.620312 0.519444 0.614844 0.519444 0.614844 0.522222 0.615625 0.523611 0.615625 0.526389 0.614844 0.527778 0.608594 0.527778 0.607812 0.526389 0.607812 0.523611 0.608594 0.522222 0.608594 0.519444 0.655469 0.519444 0.655469 0.516667 0.65625 0.516667 0.657031 0.518056 0.657812 0.518056 0.657812 0.519444 0.655469 0.519444 0.608594 0.519444 0.603906 0.519444 0.603125 0.520833 0.59375 0.520833 0.592969 0.522222 0.588281 0.522222 0.5875 0.523611 0.585938 0.523611 0.586719 0.525 0.646875 0.519444 0.647656 0.518056 0.648438 0.518056 0.649219 0.519444 0.65 0.519444 0.734375 0.527778 0.734375 0.530556 0.774219 0.530556 0.773438 0.529167 0.774219 0.527778 0.797656 0.527778 0.784375 0.527778 0.783594 0.529167 0.780469 0.529167 0.779688 0.527778 0.819531 0.527778 0.817969 0.530556 0.816406 0.530556 0.917969 0.527778 0.9375 0.527778 0.9375 0.530556 0.917969 0.530556 0.917969 0.527778 0.816406 0.530556 0.815625 0.529167 0.814844 0.529167 0.538281 0.513889 0.488281 0.513889 0.4875 0.515278 0.486719 0.515278 0.4875 0.513889 0.486719 0.513889 0.485938 0.515278 0.460156 0.515278 0.457812 0.516667 0.41875 0.516667 0.417969 0.518056 0.394531 0.518056 0.39375 0.519444 0.386719 0.519444 0.386719 0.522222 0.385938 0.523611 0.385156 0.523611 0.384375 0.522222 0.384375 0.519444 0.384375 0.523611 0.382031 0.523611 0.382031 0.519444 0.374219 0.519444 0.373438 0.520833 0.364844 0.520833 0.365625 0.522222 0.365625 0.523611 0.357031 0.525 0.35625 0.523611 0.35625 0.522222 0.352344 0.522222 0.351562 0.523611 0.350781 0.523611 0.351562 0.525 0.357031 0.525 0.365625 0.523611 0.367188 0.526389 0.371094 0.526389 0.371875 0.525 0.378125 0.525 0.378906 0.523611 0.382031 0.523611 0.384375 0.523611 0.3875 0.523611 0.388281 0.522222 0.398438 0.522222 0.399219 0.520833 0.410938 0.520833 0.411719 0.519444 0.425781 0.519444 0.426562 0.518056 0.444531 0.518056 0.445312 0.516667 0.457812 0.516667 0.792188 0.591667 0.792188 0.593056 0.792969 0.594444 0.792969 0.595833 0.79375 0.595833 0.794531 0.597222 0.796094 0.597222 0.796875 0.598611 0.798438 0.598611 0.799219 0.6 0.800781 0.6 0.801562 0.601389 0.803125 0.601389 0.803906 0.602778 0.805469 0.602778 0.80625 0.604167 0.808594 0.604167 0.809375 0.605556 0.811719 0.605556 0.8125 0.606944 0.814844 0.606944 0.815625 0.608333 0.817969 0.608333 0.81875 0.609722 0.821094 0.609722 0.821875 0.611111 0.825 0.611111 0.825781 0.6125 0.828125 0.6125 0.828906 0.613889 0.832031 0.613889 0.832812 0.615278 0.835938 0.615278 0.836719 0.616667 0.839844 0.616667 0.840625 0.618056 0.84375 0.618056 0.844531 0.619444 0.847656 0.619444 0.848438 0.620833 0.851562 0.620833 0.852344 0.622222 0.855469 0.622222 0.85625 0.623611 0.859375 0.623611 0.860156 0.625 0.864062 0.625 0.864844 0.626389 0.867969 0.626389 0.86875 0.627778 0.871875 0.627778 0.872656 0.629167 0.875781 0.629167 0.876562 0.630556 0.879688 0.630556 0.880469 0.631944 0.883594 0.631944 0.884375 0.633333 0.8875 0.633333 0.888281 0.634722 0.891406 0.634722 0.892188 0.636111 0.895312 0.636111 0.896094 0.6375 0.899219 0.6375 0.9 0.638889 0.903906 0.638889 0.904688 0.640278 0.907812 0.640278 0.908594 0.641667 0.911719 0.641667 0.9125 0.643056 0.915625 0.643056 0.916406 0.644444 0.919531 0.644444 0.920312 0.645833 0.923438 0.645833 0.924219 0.647222 0.927344 0.647222 0.928125 0.648611 0.93125 0.648611 0.932031 0.65 0.935156 0.65 0.935938 0.651389 0.939062 0.651389 0.939844 0.652778 0.94375 0.652778 0.944531 0.654167 0.947656 0.654167 0.948438 0.655556 0.951562 0.655556 0.952344 0.656944 0.955469 0.656944 0.95625 0.658333 0.959375 0.658333 0.960156 0.659722 0.963281 0.659722 0.964062 0.661111 0.967188 0.661111 0.967969 0.6625 0.971094 0.6625 0.971875 0.663889 0.975 0.663889 0.975781 0.665278 0.978906 0.665278 0.979688 0.666667 0.983594 0.666667 0.984375 0.668056 0.9875 0.668056 0.988281 0.669444 0.991406 0.669444 0.992188 0.670833 0.995312 0.670833 0.996094 0.672222 0.999219 0.672222 0.997656 0.672222 0.996875 0.670833 0.99375 0.670833 0.992969 0.669444 0.989844 0.669444 0.989062 0.668056 0.985938 0.668056 0.985156 0.666667 0.982031 0.666667 0.98125 0.665278 0.977344 0.665278 0.976562 0.663889 0.973438 0.663889 0.972656 0.6625 0.969531 0.6625 0.96875 0.661111 0.965625 0.661111 0.964844 0.659722 0.961719 0.659722 0.960938 0.658333 0.957812 0.658333 0.957031 0.656944 0.953125 0.656944 0.952344 0.655556 0.949219 0.655556 0.948438 0.654167 0.945312 0.654167 0.944531 0.652778 0.941406 0.652778 0.940625 0.651389 0.9375 0.651389 0.936719 0.65 0.933594 0.65 0.932812 0.648611 0.928906 0.648611 0.928125 0.647222 0.925 0.647222 0.924219 0.645833 0.921094 0.645833 0.920312 0.644444 0.917188 0.644444 0.916406 0.643056 0.913281 0.643056 0.9125 0.641667 0.909375 0.641667 0.908594 0.640278 0.905469 0.640278 0.904688 0.638889 0.900781 0.638889 0.9 0.6375 0.896875 0.6375 0.896094 0.636111 0.892969 0.636111 0.892188 0.634722 0.889062 0.634722 0.888281 0.633333 0.885156 0.633333 0.884375 0.631944 0.88125 0.631944 0.880469 0.630556 0.876562 0.630556 0.875781 0.629167 0.872656 0.629167 0.871875 0.627778 0.86875 0.627778 0.867969 0.626389 0.864844 0.626389 0.864062 0.625 0.860938 0.625 0.860156 0.623611 0.857031 0.623611 0.85625 0.622222 0.853125 0.622222 0.852344 0.620833 0.849219 0.620833 0.848438 0.619444 0.845312 0.619444 0.844531 0.618056 0.842188 0.618056 0.841406 0.616667 0.839062 0.616667 0.838281 0.615278 0.835156 0.615278 0.834375 0.613889 0.832031 0.613889 0.83125 0.6125 0.828906 0.6125 0.828125 0.611111 0.826562 0.611111 0.825781 0.609722 0.823438 0.609722 0.822656 0.608333 0.821094 0.608333 0.820312 0.606944 0.81875 0.606944 0.817969 0.605556 0.816406 0.605556 0.815625 0.604167 0.814062 0.604167 0.813281 0.602778 0.8125 0.602778 0.811719 0.601389 0.810938 0.601389 0.810156 0.6 0.809375 0.6 0.808594 0.598611 0.807812 0.598611 0.805469 0.594444 0.805469 0.5875 0.80625 0.586111 0.80625 0.583333 0.802344 0.583333 0.801562 0.584722 0.799219 0.584722 0.798438 0.586111 0.796875 0.586111 0.796094 0.5875 0.795312 0.5875 0.794531 0.588889 0.79375 0.588889 0.792188 0.591667 0.584375 0.527778 0.583594 0.527778 0.582812 0.526389 0.582812 0.525 0.582031 0.526389 0.580469 0.526389 0.489844 0.511111 0.463281 0.511111 0.4625 0.5125 0.461719 0.5125 0.460938 0.511111 0.460938 0.5125 0.460156 0.513889 0.451562 0.513889 0.451562 0.5125 0.448438 0.5125 0.447656 0.513889 0.401562 0.513889 0.401562 0.515278 0.447656 0.515278 0.448438 0.513889 0.451562 0.513889 0.460156 0.513889 0.457812 0.513889 0.457031 0.5125 0.457031 0.511111 0.457031 0.5125 0.45625 0.513889 0.455469 0.5125 0.455469 0.511111 0.455469 0.5125 0.454688 0.513889 0.453906 0.5125 0.453906 0.511111 0.453125 0.511111 0.453125 0.513889 0.457812 0.513889 0.460156 0.513889 0.485938 0.513889 0.486719 0.5125 0.488281 0.5125 0.489062 0.511111 0.489844 0.511111 0.807031 0.581944 0.807031 0.586111 0.80625 0.5875 0.80625 0.594444 0.807812 0.597222 0.808594 0.597222 0.809375 0.598611 0.810156 0.598611 0.810938 0.6 0.811719 0.6 0.8125 0.601389 0.813281 0.601389 0.814062 0.602778 0.815625 0.602778 0.816406 0.604167 0.817969 0.604167 0.81875 0.605556 0.820312 0.605556 0.821094 0.606944 0.822656 0.606944 0.823438 0.608333 0.825781 0.608333 0.826562 0.609722 0.828125 0.609722 0.828906 0.611111 0.83125 0.611111 0.832031 0.6125 0.834375 0.6125 0.835156 0.613889 0.838281 0.613889 0.839062 0.615278 0.841406 0.615278 0.842188 0.616667 0.844531 0.616667 0.845312 0.618056 0.848438 0.618056 0.849219 0.619444 0.852344 0.619444 0.853125 0.620833 0.85625 0.620833 0.857031 0.622222 0.860156 0.622222 0.860938 0.623611 0.864062 0.623611 0.864844 0.625 0.867969 0.625 0.86875 0.626389 0.871875 0.626389 0.872656 0.627778 0.875781 0.627778 0.876562 0.629167 0.880469 0.629167 0.88125 0.630556 0.884375 0.630556 0.885156 0.631944 0.888281 0.631944 0.889062 0.633333 0.892188 0.633333 0.892969 0.634722 0.896094 0.634722 0.896875 0.636111 0.9 0.636111 0.900781 0.6375 0.904688 0.6375 0.905469 0.638889 0.908594 0.638889 0.909375 0.640278 0.9125 0.640278 0.913281 0.641667 0.916406 0.641667 0.917188 0.643056 0.920312 0.643056 0.921094 0.644444 0.924219 0.644444 0.925 0.645833 0.928125 0.645833 0.928906 0.647222 0.932812 0.647222 0.933594 0.648611 0.936719 0.648611 0.9375 0.65 0.940625 0.65 0.941406 0.651389 0.944531 0.651389 0.945312 0.652778 0.948438 0.652778 0.949219 0.654167 0.952344 0.654167 0.953125 0.655556 0.957031 0.655556 0.957812 0.656944 0.960938 0.656944 0.961719 0.658333 0.964844 0.658333 0.965625 0.659722 0.96875 0.659722 0.969531 0.661111 0.972656 0.661111 0.973438 0.6625 0.976562 0.6625 0.977344 0.663889 0.98125 0.663889 0.982031 0.665278 0.985156 0.665278 0.985938 0.666667 0.989062 0.666667 0.989844 0.668056 0.992969 0.668056 0.99375 0.669444 0.996875 0.669444 0.997656 0.670833 0.999219 0.670833 0.999219 0.651389 0.996094 0.651389 0.995312 0.65 0.991406 0.65 0.990625 0.648611 0.986719 0.648611 0.985938 0.647222 0.982031 0.647222 0.98125 0.645833 0.977344 0.645833 0.976562 0.644444 0.973438 0.644444 0.972656 0.643056 0.96875 0.643056 0.967969 0.641667 0.964062 0.641667 0.963281 0.640278 0.959375 0.640278 0.958594 0.638889 0.954688 0.638889 0.953906 0.6375 0.95 0.6375 0.949219 0.636111 0.946094 0.636111 0.945312 0.634722 0.941406 0.634722 0.940625 0.633333 0.936719 0.633333 0.935938 0.631944 0.932031 0.631944 0.93125 0.630556 0.927344 0.630556 0.926562 0.629167 0.922656 0.629167 0.921875 0.627778 0.917969 0.627778 0.917188 0.626389 0.914062 0.626389 0.913281 0.625 0.909375 0.625 0.908594 0.623611 0.904688 0.623611 0.903906 0.622222 0.9 0.622222 0.899219 0.620833 0.895312 0.620833 0.894531 0.619444 0.890625 0.619444 0.889844 0.618056 0.885938 0.618056 0.885156 0.616667 0.882031 0.616667 0.88125 0.615278 0.877344 0.615278 0.876562 0.613889 0.872656 0.613889 0.871875 0.6125 0.867969 0.6125 0.867188 0.611111 0.864062 0.611111 0.863281 0.609722 0.859375 0.609722 0.858594 0.608333 0.855469 0.608333 0.854688 0.606944 0.851562 0.606944 0.850781 0.605556 0.847656 0.605556 0.846875 0.604167 0.84375 0.604167 0.842969 0.602778 0.839844 0.602778 0.839062 0.601389 0.836719 0.601389 0.835938 0.6 0.833594 0.6 0.832812 0.598611 0.830469 0.598611 0.829688 0.597222 0.827344 0.597222 0.826562 0.595833 0.825 0.595833 0.824219 0.594444 0.821875 0.594444 0.821094 0.593056 0.820312 0.593056 0.819531 0.591667 0.817969 0.591667 0.817188 0.590278 0.816406 0.590278 0.815625 0.588889 0.814844 0.588889 0.8125 0.584722 0.813281 0.583333 0.813281 0.581944 0.814844 0.579167 0.815625 0.579167 0.816406 0.577778 0.817969 0.577778 0.81875 0.576389 0.821094 0.576389 0.821875 0.575 0.825 0.575 0.825781 0.573611 0.830469 0.573611 0.830469 0.572222 0.59375 0.526389 0.594531 0.527778 0.607812 0.527778 0.608594 0.529167 0.629688 0.529167 0.630469 0.530556 0.6625 0.530556 0.663281 0.531944 0.73125 0.531944 0.734375 0.531944 0.734375 0.533333 0.798438 0.533333 0.798438 0.531944 0.803125 0.531944 0.803125 0.533333 0.803906 0.533333 0.803906 0.531944 0.808594 0.533333 0.827344 0.533333 0.827344 0.531944 0.917969 0.531944 0.917188 0.533333 0.936719 0.533333 0.958594 0.533333 0.969531 0.533333 0.96875 0.531944 0.988281 0.533333 0.9875 0.533333 0.996875 0.533333 0.997656 0.531944 0.999219 0.531944 0.999219 0.533333 0.996875 0.533333 0.9875 0.533333 0.986719 0.531944 0.98125 0.531944 0.980469 0.533333 0.988281 0.533333 0.96875 0.531944 0.958594 0.531944 0.958594 0.533333 0.936719 0.533333 0.936719 0.531944 0.917969 0.531944 0.827344 0.531944 0.808594 0.531944 0.808594 0.533333 0.803906 0.531944 0.571875 0.513889 0.539062 0.513889 0.538281 0.515278 0.497656 0.515278 0.496875 0.516667 0.4875 0.516667
80 0.041406 0.634722 0.04375 0.634722 0.044531 0.633333 0.046094 0.633333 0.045312 0.631944 0.044531 0.631944 0.04375 0.633333 0.041406 0.633333 0.041406 0.634722 0.014062 0.643056 0.885156 0.565278 0.884375 0.566667 0.874219 0.565278 0.883594 0.556944 0.884375 0.558333 0.803125 0.554167 0.803125 0.552778 0.864844 0.551389 0.864844 0.548611 0.874219 0.548611 0.874219 0.536111 0.959375 0.534722 0.898438 0.541667 0.9 0.544444 0.900781 0.543056 0.900781 0.541667 0.901562 0.540278 0.901562 0.538889 0.900781 0.5375 0.900781 0.536111 0.902344 0.536111 0.902344 0.5375 0.904688 0.541667 0.9125 0.541667 0.913281 0.540278 0.914062 0.540278 0.914844 0.538889 0.914844 0.5375 0.915625 0.536111 0.915625 0.534722 0.824219 0.554167 0.823438 0.552778 0.815625 0.552778 0.814844 0.551389 0.809375 0.551389 0.808594 0.552778 0.809375 0.554167 0.8125 0.554167 0.808594 0.554167 0.807031 0.551389 0.807031 0.55 0.807812 0.548611 0.807812 0.547222 0.808594 0.547222 0.809375 0.545833 0.808594 0.544444 0.807812 0.544444 0.807812 0.541667 0.808594 0.540278 0.803125 0.543056 0.803125 0.544444 0.802344 0.545833 0.803125 0.547222 0.803125 0.55 0.802344 0.55 0.802344 0.543056 0.803125 0.541667 0.73125 0.534722 0.73125 0.536111 0.730469 0.534722 0.65625 0.513889 0.65625 0.515278 0.655469 0.515278 0.65 0.513889 0.65 0.515278 0.649219 0.515278 0.648438 0.516667 0.646875 0.516667 0.646875 0.513889 0.640625 0.513889 0.641406 0.515278 0.639844 0.515278 0.639062 0.516667 0.638281 0.515278 0.6375 0.515278 0.636719 0.516667 0.619531 0.516667 0.61875 0.518056 0.614844 0.518056 0.614844 0.515278 0.609375 0.513889 0.603125 0.513889 0.602344 0.515278 0.595312 0.515278 0.594531 0.516667 0.59375 0.516667 0.592969 0.515278 0.582812 0.515278 0.582031 0.516667 0.580469 0.516667 0.579688 0.515278 0.575 0.515278 0.574219 0.516667 0.573438 0.516667 0.572656 0.515278 0.567969 0.515278 0.567188 0.516667 0.565625 0.516667 0.564844 0.515278 0.542188 0.515278 0.541406 0.516667 0.517188 0.516667 0.516406 0.518056 0.515625 0.516667 0.503906 0.516667 0.503125 0.518056 0.490625 0.518056 0.489844 0.519444 0.489062 0.518056 0.475781 0.518056 0.475 0.519444 0.473438 0.519444 0.472656 0.520833 0.471875 0.520833 0.471094 0.519444 0.454688 0.519444 0.453906 0.520833 0.436719 0.520833 0.435938 0.522222 0.422656 0.522222 0.421875 0.523611 0.410156 0.523611 0.409375 0.525 0.4 0.525 0.399219 0.526389 0.391406 0.526389 0.390625 0.527778 0.383594 0.527778 0.382812 0.529167 0.377344 0.529167 0.376562 0.530556 0.371094 0.530556 0.371094 0.531944 0.374219 0.5375 0.374219 0.538889 0.375781 0.541667 0.375781 0.544444 0.376562 0.545833 0.376562 0.548611 0.377344 0.55 0.377344 0.552778 0.378125 0.554167 0.378125 0.565278 0.378906 0.566667 0.378906 0.579167 0.379688 0.580556 0.379688 0.5875 0.380469 0.588889 0.380469 0.609722 0.379688 0.611111 0.379688 0.619444 0.378906 0.620833 0.378906 0.626389 0.378125 0.627778 0.378125 0.629167 0.377344 0.630556 0.377344 0.631944 0.375 0.636111 0.374219 0.636111 0.373438 0.6375 0.367969 0.6375 0.367188 0.636111 0.366406 0.6375 0.364844 0.6375 0.364062 0.636111 0.3625 0.636111 0.361719 0.634722 0.361719 0.633333 0.360938 0.631944 0.360938 0.630556 0.360156 0.629167 0.359375 0.630556 0.358594 0.630556 0.357812 0.631944 0.357031 0.631944 0.35625 0.633333 0.355469 0.633333 0.353906 0.636111 0.353125 0.636111 0.352344 0.6375 0.351562 0.6375 0.350781 0.638889 0.35 0.638889 0.349219 0.640278 0.348438 0.640278 0.347656 0.641667 0.346875 0.641667 0.346094 0.643056 0.345312 0.643056 0.344531 0.644444 0.34375 0.644444 0.342188 0.647222 0.341406 0.647222 0.340625 0.648611 0.339844 0.648611 0.339062 0.65 0.338281 0.65 0.3375 0.651389 0.336719 0.651389 0.335938 0.652778 0.335156 0.652778 0.334375 0.654167 0.333594 0.654167 0.332812 0.655556 0.33125 0.655556 0.330469 0.656944 0.330469 0.663889 0.329688 0.665278 0.329688 0.670833 0.328906 0.672222 0.328906 0.675 0.328125 0.676389 0.328125 0.679167 0.327344 0.680556 0.327344 0.683333 0.326562 0.684722 0.326562 0.686111 0.325 0.688889 0.325 0.690278 0.321875 0.695833 0.321094 0.695833 0.320312 0.697222 0.303125 0.697222 0.302344 0.695833 0.301562 0.695833 0.298438 0.690278 0.298438 0.688889 0.297656 0.6875 0.297656 0.686111 0.296875 0.684722 0.296875 0.683333 0.296094 0.684722 0.292188 0.684722 0.291406 0.686111 0.285938 0.686111 0.285156 0.6875 0.278125 0.6875 0.277344 0.688889 0.26875 0.688889 0.267969 0.690278 0.265625 0.690278 0.264844 0.691667 0.192188 0.691667 0.191406 0.693056 0.190625 0.693056 0.189844 0.694444 0.1875 0.694444 0.186719 0.695833 0.16875 0.695833 0.167969 0.694444 0.166406 0.694444 0.165625 0.693056 0.164844 0.693056 0.1625 0.688889 0.157031 0.688889 0.15625 0.6875 0.153125 0.6875 0.152344 0.686111 0.151562 0.686111 0.150781 0.684722 0.15 0.684722 0.149219 0.683333 0.149219 0.676389 0.148438 0.675 0.149219 0.673611 0.149219 0.665278 0.148438 0.663889 0.148438 0.659722 0.135156 0.659722 0.134375 0.658333 0.132812 0.658333 0.13125 0.655556 0.130469 0.655556 0.126562 0.648611 0.126562 0.647222 0.125781 0.645833 0.125781 0.644444 0.125 0.643056 0.125 0.641667 0.124219 0.640278 0.124219 0.638889 0.123438 0.6375 0.123438 0.634722 0.122656 0.633333 0.122656 0.627778 0.121875 0.626389 0.114844 0.626389 0.114062 0.627778 0.104688 0.627778 0.103906 0.629167 0.092969 0.629167 0.091406 0.631944 0.078125 0.631944 0.077344 0.630556 0.073438 0.630556 0.072656 0.631944 0.071094 0.631944 0.071094 0.633333 0.069531 0.636111 0.069531 0.6375 0.067969 0.640278 0.067969 0.641667 0.064062 0.648611 0.0625 0.648611 0.061719 0.65 0.058594 0.65 0.057812 0.651389 0.054688 0.651389 0.053906 0.652778 0.050781 0.652778 0.05 0.654167 0.046875 0.654167 0.046094 0.655556 0.042969 0.655556 0.042188 0.656944 0.022656 0.656944 0.021875 0.655556 0.021094 0.655556 0.019531 0.652778 0.01875 0.652778 0.015625 0.647222 0.015625 0.645833 0.014844 0.647222 0.010938 0.647222 0.010156 0.648611 0.00625 0.648611 0.005469 0.65 0.002344 0.65 0.001562 0.651389 0.0 0.651389 0.0 0.998611 0.033594 0.998611 0.034375 0.997222 0.035156 0.997222 0.035938 0.995833 0.036719 0.995833 0.0375 0.994444 0.038281 0.994444 0.039844 0.991667 0.040625 0.991667 0.041406 0.990278 0.042188 0.990278 0.042969 0.988889 0.04375 0.988889 0.044531 0.9875 0.045312 0.9875 0.046094 0.986111 0.046875 0.986111 0.047656 0.984722 0.048438 0.984722 0.049219 0.983333 0.05 0.983333 0.050781 0.981944 0.051562 0.981944 0.052344 0.980556 0.053125 0.980556 0.053906 0.979167 0.054688 0.979167 0.055469 0.977778 0.05625 0.977778 0.057031 0.976389 0.057812 0.976389 0.058594 0.975 0.059375 0.975 0.060156 0.973611 0.060938 0.973611 0.061719 0.972222 0.0625 0.972222 0.063281 0.970833 0.064062 0.970833 0.064844 0.969444 0.065625 0.969444 0.066406 0.968056 0.067188 0.968056 0.067969 0.966667 0.06875 0.966667 0.069531 0.965278 0.070312 0.965278 0.071094 0.963889 0.071875 0.963889 0.072656 0.9625 0.073438 0.9625 0.074219 0.961111 0.075 0.961111 0.075781 0.959722 0.076562 0.959722 0.077344 0.958333 0.078125 0.958333 0.078906 0.956944 0.079688 0.956944 0.080469 0.955556 0.08125 0.955556 0.082031 0.954167 0.082812 0.954167 0.083594 0.952778 0.084375 0.952778 0.085156 0.951389 0.085938 0.951389 0.086719 0.95 0.0875 0.95 0.088281 0.948611 0.089062 0.948611 0.089844 0.947222 0.090625 0.947222 0.091406 0.945833 0.092188 0.945833 0.092969 0.944444 0.09375 0.944444 0.094531 0.943056 0.095312 0.943056 0.096094 0.941667 0.096875 0.941667 0.097656 0.940278 0.098438 0.940278 0.099219 0.938889 0.100781 0.938889 0.101562 0.9375 0.102344 0.9375 0.103125 0.936111 0.103906 0.936111 0.104688 0.934722 0.105469 0.934722 0.10625 0.933333 0.107031 0.933333 0.107812 0.931944 0.108594 0.931944 0.109375 0.930556 0.110156 0.930556 0.110938 0.929167 0.111719 0.929167 0.1125 0.927778 0.113281 0.927778 0.114062 0.926389 0.114844 0.926389 0.115625 0.925 0.116406 0.925 0.117188 0.923611 0.117969 0.923611 0.11875 0.922222 0.119531 0.922222 0.120312 0.920833 0.121094 0.920833 0.121875 0.919444 0.122656 0.919444 0.123438 0.918056 0.124219 0.918056 0.125 0.916667 0.126562 0.916667 0.127344 0.915278 0.128125 0.915278 0.128906 0.913889 0.129688 0.913889 0.130469 0.9125 0.13125 0.9125 0.132031 0.911111 0.132812 0.911111 0.133594 0.909722 0.134375 0.909722 0.135156 0.908333 0.135938 0.908333 0.136719 0.906944 0.1375 0.906944 0.138281 0.905556 0.139062 0.905556 0.139844 0.904167 0.140625 0.904167 0.141406 0.902778 0.142188 0.902778 0.142969 0.901389 0.144531 0.901389 0.145312 0.9 0.146094 0.9 0.146875 0.898611 0.147656 0.898611 0.148438 0.897222 0.149219 0.897222 0.15 0.895833 0.150781 0.895833 0.151562 0.894444 0.152344 0.894444 0.153125 0.893056 0.153906 0.893056 0.154688 0.891667 0.15625 0.891667 0.157031 0.890278 0.157812 0.890278 0.158594 0.888889 0.159375 0.888889 0.160156 0.8875 0.161719 0.8875 0.1625 0.886111 0.163281 0.886111 0.164062 0.884722 0.164844 0.884722 0.165625 0.883333 0.167188 0.883333 0.167969 0.881944 0.16875 0.881944 0.169531 0.880556 0.171094 0.880556 0.171875 0.879167 0.172656 0.879167 0.173438 0.877778 0.175 0.877778 0.175781 0.876389 0.176562 0.876389 0.177344 0.875 0.178906 0.875 0.179688 0.873611 0.18125 0.873611 0.182031 0.872222 0.183594 0.872222 0.184375 0.870833 0.185156 0.870833 0.185938 0.869444 0.1875 0.869444 0.188281 0.868056 0.189844 0.868056 0.190625 0.866667 0.192188 0.866667 0.192969 0.865278 0.194531 0.865278 0.195312 0.863889 0.196875 0.863889 0.197656 0.8625 0.2 0.8625 0.200781 0.861111 0.202344 0.861111 0.203125 0.859722 0.205469 0.859722 0.20625 0.858333 0.207812 0.858333 0.208594 0.856944 0.210938 0.856944 0.211719 0.855556 0.214062 0.855556 0.214844 0.854167 0.216406 0.854167 0.217188 0.852778 0.219531 0.852778 0.220312 0.851389 0.222656 0.851389 0.223438 0.85 0.225781 0.85 0.226562 0.848611 0.228906 0.848611 0.229688 0.847222 0.232031 0.847222 0.232812 0.845833 0.235156 0.845833 0.235938 0.844444 0.238281 0.844444 0.239062 0.843056 0.241406 0.843056 0.242188 0.841667 0.24375 0.841667 0.244531 0.840278 0.247656 0.840278 0.248438 0.838889 0.253125 0.838889 0.253906 0.8375 0.258594 0.8375 0.259375 0.836111 0.260938 0.836111 0.261719 0.834722 0.2625 0.834722 0.265625 0.829167 0.266406 0.829167 0.269531 0.823611 0.270312 0.823611 0.273438 0.818056 0.274219 0.818056 0.277344 0.8125 0.278125 0.8125 0.28125 0.806944 0.282031 0.806944 0.285156 0.801389 0.285938 0.801389 0.289062 0.795833 0.289844 0.795833 0.292969 0.790278 0.29375 0.790278 0.296094 0.786111 0.296875 0.786111 0.3 0.780556 0.300781 0.780556 0.303906 0.775 0.304688 0.775 0.307812 0.769444 0.308594 0.769444 0.3125 0.7625 0.313281 0.7625 0.315625 0.758333 0.316406 0.758333 0.319531 0.752778 0.320312 0.752778 0.323438 0.747222 0.324219 0.747222 0.327344 0.741667 0.328125 0.741667 0.33125 0.736111 0.332031 0.736111 0.335156 0.730556 0.335938 0.730556 0.339062 0.725 0.339844 0.725 0.342969 0.719444 0.34375 0.719444 0.346875 0.713889 0.347656 0.713889 0.350781 0.708333 0.351562 0.708333 0.354688 0.702778 0.355469 0.702778 0.357812 0.698611 0.358594 0.698611 0.361719 0.693056 0.3625 0.693056 0.365625 0.6875 0.366406 0.6875 0.369531 0.681944 0.370312 0.681944 0.373438 0.676389 0.374219 0.676389 0.377344 0.670833 0.378125 0.670833 0.38125 0.665278 0.382031 0.665278 0.385156 0.659722 0.385938 0.659722 0.390625 0.651389 0.391406 0.651389 0.395312 0.644444 0.396094 0.644444 0.4 0.6375 0.400781 0.6375 0.404688 0.630556 0.405469 0.630556 0.409375 0.623611 0.410156 0.623611 0.414062 0.616667 0.414844 0.616667 0.41875 0.609722 0.419531 0.609722 0.423438 0.602778 0.424219 0.602778 0.427344 0.597222 0.428125 0.597222 0.432031 0.590278 0.432812 0.590278 0.435938 0.584722 0.436719 0.584722 0.439844 0.579167 0.440625 0.579167 0.44375 0.573611 0.444531 0.573611 0.446875 0.569444 0.447656 0.569444 0.45 0.565278 0.450781 0.565278 0.454688 0.558333 0.455469 0.558333 0.459375 0.551389 0.460156 0.551389 0.464062 0.544444 0.464844 0.544444 0.469531 0.536111 0.470312 0.536111 0.471875 0.533333 0.472656 0.533333 0.473438 0.534722 0.467969 0.544444 0.467188 0.544444 0.460156 0.556944 0.459375 0.556944 0.453906 0.566667 0.453125 0.566667 0.45 0.572222 0.449219 0.572222 0.445312 0.579167 0.444531 0.579167 0.439844 0.5875 0.439062 0.5875 0.433594 0.597222 0.432812 0.597222 0.427344 0.606944 0.426562 0.606944 0.420312 0.618056 0.419531 0.618056 0.4125 0.630556 0.411719 0.630556 0.405469 0.641667 0.404688 0.641667 0.398438 0.652778 0.397656 0.652778 0.390625 0.665278 0.389844 0.665278 0.385938 0.672222 0.385156 0.672222 0.380469 0.680556 0.379688 0.680556 0.375781 0.6875 0.375 0.6875 0.370312 0.695833 0.369531 0.695833 0.364844 0.704167 0.364062 0.704167 0.359375 0.7125 0.358594 0.7125 0.353906 0.720833 0.353125 0.720833 0.349219 0.727778 0.348438 0.727778 0.34375 0.736111 0.342969 0.736111 0.338281 0.744444 0.3375 0.744444 0.332812 0.752778 0.332031 0.752778 0.328125 0.759722 0.327344 0.759722 0.322656 0.768056 0.321875 0.768056 0.317188 0.776389 0.316406 0.776389 0.311719 0.784722 0.310938 0.784722 0.307031 0.791667 0.30625 0.791667 0.301562 0.8 0.300781 0.8 0.296094 0.808333 0.295312 0.808333 0.290625 0.816667 0.289844 0.816667 0.285156 0.825 0.284375 0.825 0.279688 0.833333 0.278906 0.833333 0.278125 0.834722 0.278906 0.834722 0.279688 0.833333 0.289844 0.833333 0.290625 0.831944 0.294531 0.831944 0.3 0.822222 0.300781 0.822222 0.309375 0.806944 0.310156 0.806944 0.31875 0.791667 0.319531 0.791667 0.328125 0.776389 0.328906 0.776389 0.336719 0.7625 0.3375 0.7625 0.346875 0.745833 0.347656 0.745833 0.355469 0.731944 0.35625 0.731944 0.364844 0.716667 0.365625 0.716667 0.374219 0.701389 0.375 0.701389 0.383594 0.686111 0.384375 0.686111 0.392188 0.672222 0.392969 0.672222 0.404688 0.651389 0.405469 0.651389 0.423438 0.619444 0.424219 0.619444 0.439062 0.593056 0.439844 0.593056 0.449219 0.576389 0.45 0.576389 0.45625 0.565278 0.457031 0.565278 0.472656 0.5375 0.473438 0.5375 0.476562 0.531944 0.477344 0.531944 0.479688 0.527778 0.480469 0.527778 0.48125 0.529167 0.478125 0.534722 0.477344 0.534722 0.467969 0.551389 0.467969 0.552778 0.458594 0.569444 0.457812 0.569444 0.434375 0.611111 0.434375 0.6125 0.411719 0.652778 0.411719 0.654167 0.390625 0.691667 0.389844 0.691667 0.328906 0.8 0.328125 0.8 0.310938 0.830556 0.311719 0.829167 0.320312 0.829167 0.321094 0.827778 0.329688 0.827778 0.330469 0.826389 0.338281 0.826389 0.339062 0.825 0.346875 0.825 0.347656 0.823611 0.352344 0.823611 0.353125 0.822222 0.353906 0.822222 0.354688 0.820833 0.35625 0.820833 0.357031 0.819444 0.358594 0.819444 0.359375 0.818056 0.360938 0.818056 0.361719 0.816667 0.364844 0.816667 0.365625 0.815278 0.367969 0.815278 0.36875 0.813889 0.373438 0.813889 0.374219 0.8125 0.383594 0.8125 0.384375 0.811111 0.39375 0.811111 0.394531 0.809722 0.405469 0.809722 0.40625 0.808333 0.417969 0.808333 0.41875 0.806944 0.43125 0.806944 0.432031 0.805556 0.448438 0.805556 0.449219 0.804167 0.467188 0.804167 0.467969 0.802778 0.484375 0.802778 0.485156 0.804167 0.485938 0.804167 0.486719 0.805556 0.489062 0.805556 0.489844 0.806944 0.492969 0.806944 0.49375 0.805556 0.503906 0.805556 0.504687 0.806944 0.510156 0.806944 0.510938 0.805556 0.5125 0.805556 0.513281 0.804167 0.514062 0.804167 0.514844 0.802778 0.532812 0.802778 0.533594 0.804167 0.550781 0.804167 0.551562 0.805556 0.566406 0.805556 0.567188 0.806944 0.580469 0.806944 0.58125 0.808333 0.592969 0.808333 0.59375 0.809722 0.604688 0.809722 0.605469 0.811111 0.614844 0.811111 0.615625 0.8125 0.625 0.8125 0.625781 0.813889 0.630469 0.813889 0.63125 0.815278 0.633594 0.815278 0.634375 0.816667 0.636719 0.816667 0.6375 0.818056 0.639844 0.818056 0.640625 0.819444 0.642188 0.819444 0.642969 0.820833 0.644531 0.820833 0.645312 0.822222 0.646875 0.822222 0.647656 0.823611 0.652344 0.823611 0.653125 0.825 0.660938 0.825 0.661719 0.826389 0.66875 0.826389 0.669531 0.827778 0.678125 0.827778 0.678906 0.829167 0.6875 0.829167 0.688281 0.830556 0.697656 0.830556 0.698438 0.831944 0.700781 0.831944 0.689844 0.8125 0.689062 0.8125 0.678906 0.794444 0.679688 0.793056 0.692188 0.793056 0.697656 0.802778 0.698438 0.802778 0.704688 0.813889 0.705469 0.813889 0.710938 0.823611 0.711719 0.823611 0.717188 0.833333 0.719531 0.833333 0.720312 0.834722 0.73125 0.834722 0.732031 0.836111 0.739844 0.836111 0.740625 0.8375 0.745312 0.8375 0.746094 0.838889 0.75 0.838889 0.750781 0.840278 0.753906 0.840278 0.754688 0.841667 0.757812 0.841667 0.758594 0.843056 0.760938 0.843056 0.761719 0.844444 0.764062 0.844444 0.764844 0.845833 0.767188 0.845833 0.767969 0.847222 0.769531 0.847222 0.770312 0.848611 0.772656 0.848611 0.773438 0.85 0.775781 0.85 0.776562 0.851389 0.778906 0.851389 0.779688 0.852778 0.782031 0.852778 0.782812 0.854167 0.784375 0.854167 0.785156 0.855556 0.7875 0.855556 0.788281 0.856944 0.790625 0.856944 0.791406 0.858333 0.792969 0.858333 0.79375 0.859722 0.796094 0.859722 0.796875 0.861111 0.798438 0.861111 0.799219 0.8625 0.801562 0.8625 0.802344 0.863889 0.803906 0.863889 0.804688 0.865278 0.80625 0.865278 0.807031 0.866667 0.808594 0.866667 0.809375 0.868056 0.810938 0.868056 0.811719 0.869444 0.813281 0.869444 0.814062 0.870833 0.814844 0.870833 0.815625 0.872222 0.817188 0.872222 0.817969 0.873611 0.819531 0.873611 0.820312 0.875 0.821875 0.875 0.822656 0.876389 0.823438 0.876389 0.824219 0.877778 0.825781 0.877778 0.826562 0.879167 0.827344 0.879167 0.828125 0.880556 0.829688 0.880556 0.830469 0.881944 0.83125 0.881944 0.832031 0.883333 0.833594 0.883333 0.834375 0.884722 0.835156 0.884722 0.835938 0.886111 0.836719 0.886111 0.8375 0.8875 0.839062 0.8875 0.839844 0.888889 0.840625 0.888889 0.841406 0.890278 0.842188 0.890278 0.842969 0.891667 0.844531 0.891667 0.845312 0.893056 0.846094 0.893056 0.846875 0.894444 0.847656 0.894444 0.848438 0.895833 0.849219 0.895833 0.85 0.897222 0.850781 0.897222 0.851562 0.898611 0.852344 0.898611 0.853125 0.9 0.853906 0.9 0.854688 0.901389 0.85625 0.901389 0.857031 0.902778 0.857812 0.902778 0.858594 0.904167 0.859375 0.904167 0.860156 0.905556 0.860938 0.905556 0.861719 0.906944 0.8625 0.906944 0.863281 0.908333 0.864062 0.908333 0.864844 0.909722 0.865625 0.909722 0.866406 0.911111 0.867188 0.911111 0.867969 0.9125 0.86875 0.9125 0.869531 0.913889 0.870312 0.913889 0.871094 0.915278 0.871875 0.915278 0.872656 0.916667 0.873438 0.916667 0.874219 0.918056 0.875781 0.918056 0.876562 0.919444 0.877344 0.919444 0.878125 0.920833 0.878906 0.920833 0.879688 0.922222 0.880469 0.922222 0.88125 0.923611 0.882031 0.923611 0.882812 0.925 0.883594 0.925 0.884375 0.926389 0.885156 0.926389 0.885938 0.927778 0.886719 0.927778 0.8875 0.929167 0.888281 0.929167 0.889062 0.930556 0.889844 0.930556 0.890625 0.931944 0.891406 0.931944 0.892188 0.933333 0.892969 0.933333 0.89375 0.934722 0.894531 0.934722 0.895312 0.936111 0.896094 0.936111 0.896875 0.9375 0.897656 0.9375 0.898438 0.938889 0.9 0.938889 0.900781 0.940278 0.901562 0.940278 0.902344 0.941667 0.903125 0.941667 0.903906 0.943056 0.904688 0.943056 0.905469 0.944444 0.90625 0.944444 0.907031 0.945833 0.907812 0.945833 0.908594 0.947222 0.909375 0.947222 0.910156 0.948611 0.910938 0.948611 0.911719 0.95 0.9125 0.95 0.913281 0.951389 0.914062 0.951389 0.914844 0.952778 0.915625 0.952778 0.916406 0.954167 0.917188 0.954167 0.917969 0.955556 0.91875 0.955556 0.919531 0.956944 0.920312 0.956944 0.921094 0.958333 0.921875 0.958333 0.922656 0.959722 0.923438 0.959722 0.924219 0.961111 0.925 0.961111 0.925781 0.9625 0.926562 0.9625 0.927344 0.963889 0.928125 0.963889 0.928906 0.965278 0.929688 0.965278 0.930469 0.966667 0.93125 0.966667 0.932031 0.968056 0.932812 0.968056 0.933594 0.969444 0.934375 0.969444 0.935156 0.970833 0.935938 0.970833 0.936719 0.972222 0.9375 0.972222 0.938281 0.973611 0.939062 0.973611 0.939844 0.975 0.940625 0.975 0.941406 0.976389 0.942188 0.976389 0.942969 0.977778 0.94375 0.977778 0.944531 0.979167 0.945312 0.979167 0.946094 0.980556 0.946875 0.980556 0.947656 0.981944 0.948438 0.981944 0.949219 0.983333 0.95 0.983333 0.950781 0.984722 0.951562 0.984722 0.952344 0.986111 0.953125 0.986111 0.953906 0.9875 0.954688 0.9875 0.955469 0.988889 0.95625 0.988889 0.957812 0.991667 0.958594 0.991667 0.959375 0.993056 0.960156 0.993056 0.960938 0.994444 0.961719 0.994444 0.9625 0.995833 0.963281 0.995833 0.964062 0.997222 0.964844 0.997222 0.965625 0.998611 0.999219 0.998611 0.999219 0.768056 0.997656 0.768056 0.996875 0.766667 0.995312 0.766667 0.994531 0.765278 0.992969 0.765278 0.992188 0.763889 0.990625 0.763889 0.989844 0.7625 0.988281 0.7625 0.9875 0.761111 0.985156 0.761111 0.984375 0.759722 0.982812 0.759722 0.982031 0.758333 0.980469 0.758333 0.979688 0.756944 0.978125 0.756944 0.977344 0.755556 0.975781 0.755556 0.975 0.754167 0.972656 0.754167 0.971875 0.752778 0.970312 0.752778 0.969531 0.751389 0.967969 0.751389 0.967188 0.75 0.965625 0.75 0.964844 0.748611 0.9625 0.748611 0.961719 0.747222 0.960156 0.747222 0.959375 0.745833 0.957812 0.745833 0.957031 0.744444 0.955469 0.744444 0.954688 0.743056 0.953125 0.743056 0.952344 0.741667 0.95 0.741667 0.949219 0.740278 0.947656 0.740278 0.946875 0.738889 0.945312 0.738889 0.944531 0.7375 0.942969 0.7375 0.942188 0.736111 0.940625 0.736111 0.939844 0.734722 0.9375 0.734722 0.936719 0.733333 0.935156 0.733333 0.934375 0.731944 0.932812 0.731944 0.932031 0.730556 0.930469 0.730556 0.929688 0.729167 0.928125 0.729167 0.927344 0.727778 0.925 0.727778 0.924219 0.726389 0.922656 0.726389 0.921875 0.725 0.920312 0.725 0.919531 0.723611 0.917969 0.723611 0.917188 0.722222 0.915625 0.722222 0.914844 0.720833 0.9125 0.720833 0.911719 0.719444 0.910156 0.719444 0.909375 0.718056 0.907812 0.718056 0.907031 0.716667 0.905469 0.716667 0.904688 0.715278 0.903125 0.715278 0.902344 0.713889 0.9 0.713889 0.899219 0.7125 0.897656 0.7125 0.896875 0.711111 0.895312 0.711111 0.894531 0.709722 0.892969 0.709722 0.892188 0.708333 0.889844 0.708333 0.889062 0.706944 0.8875 0.706944 0.886719 0.705556 0.885156 0.705556 0.884375 0.704167 0.882812 0.704167 0.882031 0.702778 0.880469 0.702778 0.879688 0.701389 0.877344 0.701389 0.876562 0.7 0.875 0.7 0.874219 0.698611 0.872656 0.698611 0.871875 0.697222 0.870312 0.697222 0.869531 0.695833 0.867969 0.695833 0.867188 0.694444 0.864844 0.694444 0.864062 0.693056 0.8625 0.693056 0.861719 0.691667 0.860156 0.691667 0.859375 0.690278 0.857812 0.690278 0.857031 0.688889 0.855469 0.688889 0.854688 0.6875 0.852344 0.6875 0.851562 0.686111 0.85 0.686111 0.849219 0.684722 0.847656 0.684722 0.846875 0.683333 0.845312 0.683333 0.844531 0.681944 0.842969 0.681944 0.842188 0.680556 0.839844 0.680556 0.839062 0.679167 0.8375 0.679167 0.836719 0.677778 0.835156 0.677778 0.834375 0.676389 0.832812 0.676389 0.832031 0.675 0.830469 0.675 0.829688 0.673611 0.827344 0.673611 0.826562 0.672222 0.825 0.672222 0.824219 0.670833 0.822656 0.670833 0.821875 0.669444 0.820312 0.669444 0.819531 0.668056 0.817188 0.668056 0.816406 0.666667 0.814844 0.666667 0.814062 0.665278 0.8125 0.665278 0.811719 0.663889 0.810156 0.663889 0.809375 0.6625 0.807812 0.6625 0.807031 0.661111 0.805469 0.661111 0.804688 0.659722 0.802344 0.659722 0.801562 0.658333 0.8 0.658333 0.799219 0.656944 0.797656 0.656944 0.796875 0.655556 0.795312 0.655556 0.794531 0.654167 0.792969 0.654167 0.792188 0.652778 0.790625 0.652778 0.789844 0.651389 0.7875 0.651389 0.786719 0.65 0.785156 0.65 0.784375 0.648611 0.782812 0.648611 0.782031 0.647222 0.780469 0.647222 0.779688 0.645833 0.653906 0.645833 0.653125 0.647222 0.597656 0.647222 0.598438 0.647222 0.599219 0.648611 0.598438 0.65 0.592188 0.65 0.590625 0.647222 0.460938 0.647222 0.460156 0.645833 0.419531 0.645833 0.41875 0.644444 0.420312 0.641667 0.420312 0.640278 0.421094 0.638889 0.461719 0.638889 0.4625 0.640278 0.586719 0.640278 0.585938 0.638889 0.585156 0.638889 0.576562 0.623611 0.577344 0.622222 0.580469 0.622222 0.580469 0.620833 0.58125 0.619444 0.585938 0.619444 0.586719 0.620833 0.586719 0.622222 0.5875 0.623611 0.5875 0.625 0.588281 0.626389 0.588281 0.627778 0.589844 0.630556 0.589844 0.631944 0.594531 0.640278 0.636719 0.640278 0.6375 0.638889 0.767188 0.638889 0.765625 0.638889 0.764844 0.6375 0.763281 0.6375 0.7625 0.636111 0.760938 0.636111 0.760156 0.634722 0.758594 0.634722 0.757812 0.633333 0.755469 0.633333 0.754688 0.631944 0.753125 0.631944 0.752344 0.630556 0.753125 0.629167 0.751562 0.629167 0.750781 0.627778 0.749219 0.627778 0.748438 0.626389 0.747656 0.626389 0.746875 0.625 0.746094 0.625 0.745312 0.623611 0.744531 0.623611 0.74375 0.622222 0.742188 0.622222 0.741406 0.620833 0.740625 0.620833 0.739844 0.619444 0.739062 0.619444 0.738281 0.618056 0.7375 0.618056 0.736719 0.616667 0.735938 0.616667 0.735156 0.615278 0.734375 0.615278 0.733594 0.613889 0.732812 0.613889 0.73125 0.611111 0.730469 0.611111 0.729688 0.609722 0.728906 0.609722 0.726562 0.605556 0.725781 0.605556 0.721875 0.598611 0.721875 0.597222 0.721094 0.595833 0.721094 0.588889 0.724219 0.583333 0.725 0.583333 0.726562 0.580556 0.727344 0.580556 0.728125 0.579167 0.729688 0.579167 0.730469 0.577778 0.732812 0.577778 0.733594 0.576389 0.735938 0.576389 0.736719 0.575 0.739844 0.575 0.740625 0.573611 0.744531 0.573611 0.745312 0.575 0.744531 0.576389 0.741406 0.576389 0.740625 0.577778 0.738281 0.577778 0.7375 0.579167 0.735156 0.579167 0.734375 0.580556 0.732812 0.580556 0.732031 0.581944 0.73125 0.581944 0.729688 0.584722 0.728906 0.584722 0.727344 0.5875 0.727344 0.588889 0.726562 0.590278 0.726562 0.594444 0.727344 0.595833 0.727344 0.597222 0.73125 0.604167 0.732031 0.604167 0.733594 0.606944 0.734375 0.606944 0.735938 0.609722 0.736719 0.609722 0.7375 0.611111 0.738281 0.611111 0.739062 0.6125 0.739844 0.6125 0.740625 0.613889 0.741406 0.613889 0.742188 0.615278 0.742969 0.615278 0.74375 0.616667 0.744531 0.616667 0.745312 0.618056 0.746094 0.618056 0.746875 0.619444 0.747656 0.619444 0.748438 0.620833 0.75 0.620833 0.750781 0.622222 0.751562 0.622222 0.752344 0.623611 0.753125 0.623611 0.753906 0.625 0.755469 0.625 0.75625 0.626389 0.757031 0.626389 0.757812 0.627778 0.759375 0.627778 0.760156 0.629167 0.761719 0.629167 0.7625 0.630556 0.764062 0.630556 0.764844 0.631944 0.765625 0.631944 0.766406 0.633333 0.767969 0.633333 0.76875 0.634722 0.770312 0.634722 0.771094 0.636111 0.772656 0.636111 0.773438 0.6375 0.775 0.6375 0.775781 0.638889 0.777344 0.638889 0.778125 0.640278 0.779688 0.640278 0.780469 0.641667 0.782031 0.641667 0.782812 0.643056 0.784375 0.643056 0.785156 0.644444 0.7875 0.644444 0.788281 0.645833 0.789844 0.645833 0.790625 0.647222 0.792188 0.647222 0.792969 0.648611 0.795312 0.648611 0.796094 0.65 0.797656 0.65 0.798438 0.651389 0.8 0.651389 0.800781 0.652778 0.802344 0.652778 0.803125 0.654167 0.804688 0.654167 0.805469 0.655556 0.807812 0.655556 0.808594 0.656944 0.810156 0.656944 0.810938 0.658333 0.8125 0.658333 0.813281 0.659722 0.814844 0.659722 0.815625 0.661111 0.817969 0.661111 0.81875 0.6625 0.820312 0.6625 0.821094 0.663889 0.822656 0.663889 0.823438 0.665278 0.825781 0.665278 0.826562 0.666667 0.828125 0.666667 0.828906 0.668056 0.830469 0.668056 0.83125 0.669444 0.833594 0.669444 0.834375 0.670833 0.835938 0.670833 0.836719 0.672222 0.838281 0.672222 0.839062 0.673611 0.841406 0.673611 0.842188 0.675 0.84375 0.675 0.844531 0.676389 0.846094 0.676389 0.846875 0.677778 0.849219 0.677778 0.85 0.679167 0.851562 0.679167 0.852344 0.680556 0.853906 0.680556 0.854688 0.681944 0.85625 0.681944 0.857031 0.683333 0.859375 0.683333 0.860156 0.684722 0.861719 0.684722 0.8625 0.686111 0.864062 0.686111 0.864844 0.6875 0.867188 0.6875 0.867969 0.688889 0.869531 0.688889 0.870312 0.690278 0.871875 0.690278 0.872656 0.691667 0.874219 0.691667 0.875 0.693056 0.877344 0.693056 0.878125 0.694444 0.879688 0.694444 0.880469 0.695833 0.882031 0.695833 0.882812 0.697222 0.885156 0.697222 0.885938 0.698611 0.8875 0.698611 0.888281 0.7 0.889844 0.7 0.890625 0.701389 0.892969 0.701389 0.89375 0.702778 0.895312 0.702778 0.896094 0.704167 0.897656 0.704167 0.898438 0.705556 0.9 0.705556 0.900781 0.706944 0.903125 0.706944 0.903906 0.708333 0.905469 0.708333 0.90625 0.709722 0.907812 0.709722 0.908594 0.711111 0.910938 0.711111 0.911719 0.7125 0.913281 0.7125 0.914062 0.713889 0.915625 0.713889 0.916406 0.715278 0.91875 0.715278 0.919531 0.716667 0.921094 0.716667 0.921875 0.718056 0.923438 0.718056 0.924219 0.719444 0.925781 0.719444 0.926562 0.720833 0.928906 0.720833 0.929688 0.722222 0.93125 0.722222 0.932031 0.723611 0.933594 0.723611 0.934375 0.725 0.936719 0.725 0.9375 0.726389 0.939062 0.726389 0.939844 0.727778 0.941406 0.727778 0.942188 0.729167 0.944531 0.729167 0.945312 0.730556 0.946875 0.730556 0.947656 0.731944 0.949219 0.731944 0.95 0.733333 0.952344 0.733333 0.953125 0.734722 0.954688 0.734722 0.955469 0.736111 0.957031 0.736111 0.957812 0.7375 0.959375 0.7375 0.960156 0.738889 0.9625 0.738889 0.963281 0.740278 0.964844 0.740278 0.965625 0.741667 0.967188 0.741667 0.967969 0.743056 0.970312 0.743056 0.971094 0.744444 0.972656 0.744444 0.973438 0.745833 0.975 0.745833 0.975781 0.747222 0.978125 0.747222 0.978906 0.748611 0.980469 0.748611 0.98125 0.75 0.982812 0.75 0.983594 0.751389 0.985938 0.751389 0.986719 0.752778 0.988281 0.752778 0.989062 0.754167 0.990625 0.754167 0.991406 0.755556 0.992969 0.755556 0.99375 0.756944 0.996094 0.756944 0.996875 0.758333 0.998438 0.758333 0.999219 0.759722 0.999219 0.673611 0.996094 0.673611 0.995312 0.672222 0.992188 0.672222 0.991406 0.670833 0.988281 0.670833 0.9875 0.669444 0.984375 0.669444 0.983594 0.668056 0.979688 0.668056 0.978906 0.666667 0.975781 0.666667 0.975 0.665278 0.971875 0.665278 0.971094 0.663889 0.967969 0.663889 0.967188 0.6625 0.964062 0.6625 0.963281 0.661111 0.960156 0.661111 0.959375 0.659722 0.95625 0.659722 0.955469 0.658333 0.952344 0.658333 0.951562 0.656944 0.948438 0.656944 0.947656 0.655556 0.944531 0.655556 0.94375 0.654167 0.939844 0.654167 0.939062 0.652778 0.935938 0.652778 0.935156 0.651389 0.932031 0.651389 0.93125 0.65 0.928125 0.65 0.927344 0.648611 0.924219 0.648611 0.923438 0.647222 0.920312 0.647222 0.919531 0.645833 0.916406 0.645833 0.915625 0.644444 0.9125 0.644444 0.911719 0.643056 0.908594 0.643056 0.907812 0.641667 0.904688 0.641667 0.903906 0.640278 0.9 0.640278 0.899219 0.638889 0.896094 0.638889 0.895312 0.6375 0.892188 0.6375 0.891406 0.636111 0.888281 0.636111 0.8875 0.634722 0.884375 0.634722 0.883594 0.633333 0.880469 0.633333 0.879688 0.631944 0.876562 0.631944 0.875781 0.630556 0.872656 0.630556 0.871875 0.629167 0.86875 0.629167 0.867969 0.627778 0.864844 0.627778 0.864062 0.626389 0.860156 0.626389 0.859375 0.625 0.85625 0.625 0.855469 0.623611 0.852344 0.623611 0.851562 0.622222 0.848438 0.622222 0.847656 0.620833 0.844531 0.620833 0.84375 0.619444 0.840625 0.619444 0.839844 0.618056 0.836719 0.618056 0.835938 0.616667 0.832812 0.616667 0.832031 0.615278 0.828906 0.615278 0.828125 0.613889 0.825781 0.613889 0.825 0.6125 0.821875 0.6125 0.821094 0.611111 0.81875 0.611111 0.817969 0.609722 0.815625 0.609722 0.814844 0.608333 0.8125 0.608333 0.811719 0.606944 0.809375 0.606944 0.808594 0.605556 0.80625 0.605556 0.805469 0.604167 0.803906 0.604167 0.803125 0.602778 0.801562 0.602778 0.800781 0.601389 0.799219 0.601389 0.798438 0.6 0.796875 0.6 0.796094 0.598611 0.794531 0.598611 0.79375 0.597222 0.792969 0.597222 0.792188 0.595833 0.792188 0.594444 0.791406 0.593056 0.791406 0.591667 0.79375 0.5875 0.794531 0.5875 0.795312 0.586111 0.796094 0.586111 0.796875 0.584722 0.798438 0.584722 0.799219 0.583333 0.801562 0.583333 0.802344 0.581944 0.80625 0.581944 0.807812 0.579167 0.809375 0.579167 0.810156 0.577778 0.810938 0.577778 0.811719 0.576389 0.814062 0.576389 0.814844 0.575 0.817969 0.575 0.81875 0.573611 0.822656 0.573611 0.823438 0.572222 0.829688 0.572222 0.830469 0.570833 0.830469 0.569444 0.829688 0.569444 0.828906 0.568056 0.828125 0.568056 0.827344 0.566667 0.827344 0.565278 0.821875 0.565278 0.821094 0.563889 0.814844 0.563889 0.814062 0.5625 0.814844 0.561111 0.824219 0.561111 0.825 0.559722 0.827344 0.559722 0.810156 0.559722 0.813281 0.559722 0.814062 0.561111 0.813281 0.5625 0.807031 0.5625 0.80625 0.561111 0.799219 0.561111 0.798438 0.559722 0.791406 0.559722 0.790625 0.558333 0.791406 0.556944 0.799219 0.556944 0.791406 0.556944 0.790625 0.558333 0.784375 0.558333 0.783594 0.556944 0.777344 0.556944 0.776562 0.555556 0.777344 0.554167 0.798438 0.554167 0.798438 0.552778 0.769531 0.552778 0.76875 0.554167 0.763281 0.554167 0.7625 0.552778 0.75625 0.552778 0.755469 0.551389 0.75625 0.55 0.794531 0.55 0.795312 0.548611 0.798438 0.548611 0.798438 0.545833 0.794531 0.545833 0.79375 0.544444 0.794531 0.543056 0.798438 0.543056 0.798438 0.534722 0.734375 0.534722 0.734375 0.536111 0.735156 0.536111 0.735938 0.5375 0.739062 0.5375 0.739844 0.538889 0.744531 0.538889 0.745312 0.540278 0.751562 0.540278 0.752344 0.541667 0.759375 0.541667 0.760156 0.543056 0.767188 0.543056 0.767969 0.544444 0.775781 0.544444 0.776562 0.545833 0.784375 0.545833 0.785156 0.547222 0.784375 0.548611 0.765625 0.548611 0.764844 0.55 0.75625 0.55 0.755469 0.551389 0.75 0.551389 0.749219 0.55 0.745312 0.55 0.744531 0.548611 0.7375 0.548611 0.736719 0.547222 0.730469 0.547222 0.729688 0.545833 0.722656 0.545833 0.721875 0.544444 0.715625 0.544444 0.714844 0.543056 0.709375 0.543056 0.708594 0.541667 0.702344 0.541667 0.701562 0.540278 0.702344 0.538889 0.733594 0.538889 0.71875 0.538889 0.717969 0.5375 0.698438 0.5375 0.700781 0.5375 0.701562 0.538889 0.700781 0.540278 0.696875 0.540278 0.696094 0.538889 0.692969 0.538889 0.692188 0.5375 0.689062 0.5375 0.688281 0.536111 0.685156 0.536111 0.684375 0.534722 0.660156 0.534722 0.659375 0.533333 0.628906 0.533333 0.628125 0.531944 0.607812 0.531944 0.607031 0.530556 0.592969 0.530556 0.592188 0.529167 0.583594 0.529167 0.582812 0.527778 0.580469 0.527778 0.579688 0.526389 0.580469 0.525 0.582031 0.525 0.582812 0.523611 0.583594 0.523611 0.584375 0.522222 0.585938 0.522222 0.586719 0.520833 0.591406 0.520833 0.592188 0.519444 0.601562 0.519444 0.602344 0.518056 0.608594 0.518056 0.608594 0.515278 0.609375 0.513889 0.614844 0.515278 0.614062 0.513889 0.640625 0.513889 0.646875 0.513889 0.65 0.513889 0.655469 0.515278 0.655469 0.513889 0.65625 0.513889 0.730469 0.534722 0.725 0.534722 0.73125 0.534722 0.803125 0.541667 0.803125 0.534722 0.803906 0.534722 0.803906 0.541667 0.803125 0.543056 0.808594 0.540278 0.808594 0.534722 0.827344 0.534722 0.827344 0.554167 0.824219 0.554167 0.915625 0.534722 0.936719 0.534722 0.936719 0.547222 0.932031 0.547222 0.93125 0.548611 0.932031 0.55 0.935938 0.55 0.935938 0.554167 0.935156 0.555556 0.935156 0.558333 0.934375 0.559722 0.934375 0.565278 0.902344 0.565278 0.901562 0.566667 0.892188 0.566667 0.895312 0.566667 0.896094 0.565278 0.895312 0.563889 0.892188 0.563889 0.892969 0.5625 0.892969 0.561111 0.89375 0.559722 0.89375 0.558333 0.894531 0.556944 0.894531 0.555556 0.894531 0.556944 0.895312 0.558333 0.895312 0.561111 0.894531 0.5625 0.895312 0.563889 0.897656 0.563889 0.898438 0.5625 0.897656 0.561111 0.897656 0.556944 0.896875 0.555556 0.896875 0.552778 0.896094 0.551389 0.900781 0.551389 0.901562 0.55 0.900781 0.548611 0.897656 0.548611 0.897656 0.544444 0.898438 0.543056 0.898438 0.536111 0.898438 0.5375 0.899219 0.538889 0.899219 0.540278 0.898438 0.541667 0.959375 0.534722 0.959375 0.545833 0.960938 0.545833 0.961719 0.547222 0.960938 0.548611 0.960156 0.548611 0.960156 0.556944 0.960938 0.558333 0.960938 0.565278 0.999219 0.565278 0.999219 0.534722 0.979688 0.534722 0.978125 0.5375 0.972656 0.5375 0.971875 0.536111 0.971094 0.536111 0.970312 0.534722 0.959375 0.534722 0.874219 0.536111 0.86875 0.536111 0.86875 0.5375 0.867188 0.540278 0.866406 0.540278 0.865625 0.541667 0.864844 0.541667 0.864844 0.548611 0.864844 0.551389 0.864844 0.559722 0.867188 0.559722 0.867969 0.561111 0.867188 0.5625 0.864844 0.5625 0.86875 0.5625 0.869531 0.561111 0.874219 0.561111 0.874219 0.551389 0.864844 0.551389 0.803125 0.552778 0.802344 0.552778 0.803125 0.554167 0.884375 0.558333 0.884375 0.5625 0.883594 0.5625 0.883594 0.555556 0.883594 0.556944 0.874219 0.565278 0.864844 0.565278 0.865625 0.566667 0.864844 0.568056 0.866406 0.568056 0.867188 0.566667 0.874219 0.566667 0.874219 0.565278 0.884375 0.566667 0.883594 0.566667 0.883594 0.565278 0.885156 0.565278 0.014062 0.643056 0.013281 0.641667 0.013281 0.640278 0.0125 0.638889 0.0125 0.6375 0.011719 0.636111 0.011719 0.633333 0.010938 0.631944 0.007031 0.631944 0.00625 0.630556 0.00625 0.629167 0.0 0.629167 0.0 0.647222 0.003125 0.647222 0.003906 0.645833 0.007031 0.645833 0.007812 0.644444 0.011719 0.644444 0.0125 0.643056 0.014062 0.643056
