9 0.986719 0.445833 0.986719 0.458333 0.988281 0.458333 0.989844 0.455556 0.989062 0.454167 0.989062 0.452778 0.989844 0.451389 0.989844 0.45 0.989062 0.448611 0.989844 0.447222 0.989844 0.445833 0.989062 0.445833 0.988281 0.444444 0.9875 0.444444 0.986719 0.445833 0.9625 0.445833 0.961719 0.444444 0.959375 0.444444 0.958594 0.445833 0.958594 0.458333 0.960156 0.458333 0.960938 0.456944 0.961719 0.456944 0.9625 0.455556 0.961719 0.454167 0.961719 0.451389 0.9625 0.45 0.961719 0.448611 0.961719 0.447222 0.9625 0.445833
82 0.970312 0.45 0.970312 0.451389 0.969531 0.452778 0.966406 0.452778 0.966406 0.454167 0.975 0.454167 0.975 0.452778 0.974219 0.451389 0.973438 0.452778 0.971094 0.452778 0.970312 0.451389
82 0.989844 0.480556 0.989844 0.483333 0.991406 0.480556
82 0.764844 0.480556 0.764844 0.486111 0.767188 0.486111 0.767188 0.480556
82 0.66875 0.480556 0.66875 0.486111 0.671094 0.486111 0.671094 0.480556
82 0.34375 0.468056 0.34375 0.484722 0.344531 0.484722 0.344531 0.468056
82 0.171875 0.431944 0.171875 0.468056 0.172656 0.469444 0.180469 0.469444 0.180469 0.433333 0.177344 0.433333 0.176562 0.431944
2 0.977344 0.494444 0.977344 0.501389 0.975781 0.504167 0.975781 0.506944 0.975 0.508333 0.977344 0.508333 0.977344 0.506944 0.978906 0.504167 0.978906 0.502778 0.979688 0.501389 0.986719 0.501389 0.9875 0.5 0.9875 0.498611 0.986719 0.497222 0.986719 0.495833 0.9875 0.494444
82 0.963281 0.445833 0.964062 0.447222 0.963281 0.448611 0.9625 0.448611 0.963281 0.45 0.9625 0.451389 0.9625 0.454167 0.965625 0.454167 0.965625 0.445833
82 0.976562 0.444444 0.975781 0.445833 0.975781 0.454167 0.980469 0.454167 0.980469 0.444444
2 0.467969 0.804167 0.467188 0.805556 0.449219 0.805556 0.448438 0.806944 0.432031 0.806944 0.43125 0.808333 0.41875 0.808333 0.417969 0.809722 0.40625 0.809722 0.405469 0.811111 0.394531 0.811111 0.39375 0.8125 0.384375 0.8125 0.383594 0.813889 0.374219 0.813889 0.373438 0.815278 0.36875 0.815278 0.367969 0.816667 0.365625 0.816667 0.364844 0.818056 0.3625 0.818056 0.361719 0.819444 0.359375 0.819444 0.358594 0.820833 0.357031 0.820833 0.35625 0.822222 0.354688 0.822222 0.353906 0.823611 0.353125 0.823611 0.352344 0.825 0.347656 0.825 0.346875 0.826389 0.339062 0.826389 0.338281 0.827778 0.330469 0.827778 0.329688 0.829167 0.321094 0.829167 0.320312 0.830556 0.311719 0.830556 0.310938 0.831944 0.300781 0.831944 0.3 0.833333 0.290625 0.833333 0.289844 0.834722 0.279688 0.834722 0.278906 0.836111 0.267969 0.836111 0.267188 0.8375 0.259375 0.8375 0.258594 0.838889 0.253906 0.838889 0.253125 0.840278 0.248438 0.840278 0.247656 0.841667 0.244531 0.841667 0.24375 0.843056 0.242188 0.843056 0.241406 0.844444 0.239062 0.844444 0.238281 0.845833 0.235938 0.845833 0.235156 0.847222 0.232812 0.847222 0.232031 0.848611 0.229688 0.848611 0.228906 0.85 0.226562 0.85 0.225781 0.851389 0.223438 0.851389 0.222656 0.852778 0.220312 0.852778 0.219531 0.854167 0.217188 0.854167 0.216406 0.855556 0.214844 0.855556 0.214062 0.856944 0.211719 0.856944 0.210938 0.858333 0.208594 0.858333 0.207812 0.859722 0.20625 0.859722 0.205469 0.861111 0.203125 0.861111 0.202344 0.8625 0.200781 0.8625 0.2 0.863889 0.197656 0.863889 0.196875 0.865278 0.195312 0.865278 0.194531 0.866667 0.192969 0.866667 0.192188 0.868056 0.190625 0.868056 0.189844 0.869444 0.188281 0.869444 0.1875 0.870833 0.185938 0.870833 0.185156 0.872222 0.184375 0.872222 0.183594 0.873611 0.182031 0.873611 0.18125 0.875 0.179688 0.875 0.178906 0.876389 0.177344 0.876389 0.176562 0.877778 0.175781 0.877778 0.175 0.879167 0.173438 0.879167 0.172656 0.880556 0.171875 0.880556 0.171094 0.881944 0.169531 0.881944 0.16875 0.883333 0.167969 0.883333 0.167188 0.884722 0.165625 0.884722 0.164844 0.886111 0.164062 0.886111 0.163281 0.8875 0.1625 0.8875 0.161719 0.888889 0.160156 0.888889 0.159375 0.890278 0.158594 0.890278 0.157812 0.891667 0.157031 0.891667 0.15625 0.893056 0.154688 0.893056 0.153906 0.894444 0.153125 0.894444 0.152344 0.895833 0.151562 0.895833 0.150781 0.897222 0.15 0.897222 0.149219 0.898611 0.148438 0.898611 0.147656 0.9 0.146875 0.9 0.146094 0.901389 0.145312 0.901389 0.144531 0.902778 0.142969 0.902778 0.142188 0.904167 0.141406 0.904167 0.140625 0.905556 0.139844 0.905556 0.139062 0.906944 0.138281 0.906944 0.1375 0.908333 0.136719 0.908333 0.135938 0.909722 0.135156 0.909722 0.134375 0.911111 0.133594 0.911111 0.132812 0.9125 0.132031 0.9125 0.13125 0.913889 0.130469 0.913889 0.129688 0.915278 0.128906 0.915278 0.128125 0.916667 0.127344 0.916667 0.126562 0.918056 0.125781 0.918056 0.125 0.919444 0.123438 0.919444 0.122656 0.920833 0.121875 0.920833 0.121094 0.922222 0.120312 0.922222 0.119531 0.923611 0.11875 0.923611 0.117969 0.925 0.117188 0.925 0.116406 0.926389 0.115625 0.926389 0.114844 0.927778 0.114062 0.927778 0.113281 0.929167 0.1125 0.929167 0.111719 0.930556 0.110938 0.930556 0.110156 0.931944 0.109375 0.931944 0.108594 0.933333 0.107812 0.933333 0.107031 0.934722 0.10625 0.934722 0.105469 0.936111 0.104688 0.936111 0.103906 0.9375 0.103125 0.9375 0.102344 0.938889 0.101562 0.938889 0.100781 0.940278 0.099219 0.940278 0.098438 0.941667 0.097656 0.941667 0.096875 0.943056 0.096094 0.943056 0.095312 0.944444 0.094531 0.944444 0.09375 0.945833 0.092969 0.945833 0.092188 0.947222 0.091406 0.947222 0.090625 0.948611 0.089844 0.948611 0.089062 0.95 0.088281 0.95 0.0875 0.951389 0.086719 0.951389 0.085938 0.952778 0.085156 0.952778 0.084375 0.954167 0.083594 0.954167 0.082812 0.955556 0.082031 0.955556 0.08125 0.956944 0.080469 0.956944 0.079688 0.958333 0.078906 0.958333 0.078125 0.959722 0.077344 0.959722 0.076562 0.961111 0.075781 0.961111 0.075 0.9625 0.074219 0.9625 0.073438 0.963889 0.072656 0.963889 0.071875 0.965278 0.071094 0.965278 0.070312 0.966667 0.069531 0.966667 0.06875 0.968056 0.067969 0.968056 0.067188 0.969444 0.066406 0.969444 0.065625 0.970833 0.064844 0.970833 0.064062 0.972222 0.063281 0.972222 0.0625 0.973611 0.061719 0.973611 0.060938 0.975 0.060156 0.975 0.059375 0.976389 0.058594 0.976389 0.057812 0.977778 0.057031 0.977778 0.05625 0.979167 0.055469 0.979167 0.054688 0.980556 0.053906 0.980556 0.053125 0.981944 0.052344 0.981944 0.051562 0.983333 0.050781 0.983333 0.05 0.984722 0.049219 0.984722 0.048438 0.986111 0.047656 0.986111 0.046875 0.9875 0.046094 0.9875 0.045312 0.988889 0.044531 0.988889 0.04375 0.990278 0.042969 0.990278 0.041406 0.993056 0.040625 0.993056 0.039844 0.994444 0.039062 0.994444 0.038281 0.995833 0.0375 0.995833 0.036719 0.997222 0.035938 0.997222 0.035156 0.998611 0.034375 0.998611 0.964844 0.998611 0.964062 0.998611 0.963281 0.997222 0.9625 0.997222 0.961719 0.995833 0.960938 0.995833 0.959375 0.993056 0.958594 0.993056 0.957812 0.991667 0.957031 0.991667 0.95625 0.990278 0.955469 0.990278 0.954688 0.988889 0.953906 0.988889 0.953125 0.9875 0.952344 0.9875 0.951562 0.986111 0.950781 0.986111 0.95 0.984722 0.949219 0.984722 0.948438 0.983333 0.947656 0.983333 0.946875 0.981944 0.946094 0.981944 0.945312 0.980556 0.944531 0.980556 0.94375 0.979167 0.942969 0.979167 0.942188 0.977778 0.941406 0.977778 0.940625 0.976389 0.939844 0.976389 0.939062 0.975 0.938281 0.975 0.9375 0.973611 0.936719 0.973611 0.935938 0.972222 0.935156 0.972222 0.934375 0.970833 0.933594 0.970833 0.932812 0.969444 0.932031 0.969444 0.93125 0.968056 0.930469 0.968056 0.929688 0.966667 0.928906 0.966667 0.928125 0.965278 0.927344 0.965278 0.926562 0.963889 0.925781 0.963889 0.925 0.9625 0.924219 0.9625 0.923438 0.961111 0.922656 0.961111 0.921875 0.959722 0.921094 0.959722 0.920312 0.958333 0.919531 0.958333 0.91875 0.956944 0.917969 0.956944 0.917188 0.955556 0.916406 0.955556 0.915625 0.954167 0.914844 0.954167 0.914062 0.952778 0.913281 0.952778 0.9125 0.951389 0.911719 0.951389 0.910938 0.95 0.910156 0.95 0.909375 0.948611 0.908594 0.948611 0.907812 0.947222 0.907031 0.947222 0.90625 0.945833 0.905469 0.945833 0.904688 0.944444 0.903906 0.944444 0.903125 0.943056 0.902344 0.943056 0.901562 0.941667 0.900781 0.941667 0.9 0.940278 0.898438 0.940278 0.897656 0.938889 0.896875 0.938889 0.896094 0.9375 0.895312 0.9375 0.894531 0.936111 0.89375 0.936111 0.892969 0.934722 0.892188 0.934722 0.891406 0.933333 0.890625 0.933333 0.889844 0.931944 0.889062 0.931944 0.888281 0.930556 0.8875 0.930556 0.886719 0.929167 0.885938 0.929167 0.885156 0.927778 0.884375 0.927778 0.883594 0.926389 0.882812 0.926389 0.882031 0.925 0.88125 0.925 0.880469 0.923611 0.879688 0.923611 0.878906 0.922222 0.878125 0.922222 0.877344 0.920833 0.876562 0.920833 0.875781 0.919444 0.875 0.919444 0.874219 0.918056 0.872656 0.918056 0.871875 0.916667 0.871094 0.916667 0.870312 0.915278 0.869531 0.915278 0.86875 0.913889 0.867969 0.913889 0.867188 0.9125 0.866406 0.9125 0.865625 0.911111 0.864844 0.911111 0.864062 0.909722 0.863281 0.909722 0.8625 0.908333 0.861719 0.908333 0.860938 0.906944 0.860156 0.906944 0.859375 0.905556 0.858594 0.905556 0.857812 0.904167 0.857031 0.904167 0.85625 0.902778 0.854688 0.902778 0.853906 0.901389 0.853125 0.901389 0.852344 0.9 0.851562 0.9 0.850781 0.898611 0.85 0.898611 0.849219 0.897222 0.848438 0.897222 0.847656 0.895833 0.846875 0.895833 0.846094 0.894444 0.845312 0.894444 0.844531 0.893056 0.842969 0.893056 0.842188 0.891667 0.841406 0.891667 0.840625 0.890278 0.839844 0.890278 0.839062 0.888889 0.8375 0.888889 0.836719 0.8875 0.835938 0.8875 0.835156 0.886111 0.834375 0.886111 0.833594 0.884722 0.832031 0.884722 0.83125 0.883333 0.830469 0.883333 0.829688 0.881944 0.828125 0.881944 0.827344 0.880556 0.826562 0.880556 0.825781 0.879167 0.824219 0.879167 0.823438 0.877778 0.822656 0.877778 0.821875 0.876389 0.820312 0.876389 0.819531 0.875 0.817969 0.875 0.817188 0.873611 0.815625 0.873611 0.814844 0.872222 0.814062 0.872222 0.813281 0.870833 0.811719 0.870833 0.810938 0.869444 0.809375 0.869444 0.808594 0.868056 0.807031 0.868056 0.80625 0.866667 0.804688 0.866667 0.803906 0.865278 0.802344 0.865278 0.801562 0.863889 0.799219 0.863889 0.798438 0.8625 0.796875 0.8625 0.796094 0.861111 0.79375 0.861111 0.792969 0.859722 0.791406 0.859722 0.790625 0.858333 0.788281 0.858333 0.7875 0.856944 0.785156 0.856944 0.784375 0.855556 0.782812 0.855556 0.782031 0.854167 0.779688 0.854167 0.778906 0.852778 0.776562 0.852778 0.775781 0.851389 0.773438 0.851389 0.772656 0.85 0.770312 0.85 0.769531 0.848611 0.767969 0.848611 0.767188 0.847222 0.764844 0.847222 0.764062 0.845833 0.761719 0.845833 0.760938 0.844444 0.758594 0.844444 0.757812 0.843056 0.754688 0.843056 0.753906 0.841667 0.750781 0.841667 0.75 0.840278 0.746094 0.840278 0.745312 0.838889 0.740625 0.838889 0.739844 0.8375 0.732031 0.8375 0.73125 0.836111 0.720312 0.836111 0.719531 0.834722 0.708594 0.834722 0.707812 0.833333 0.698438 0.833333 0.697656 0.831944 0.688281 0.831944 0.6875 0.830556 0.678906 0.830556 0.678125 0.829167 0.669531 0.829167 0.66875 0.827778 0.661719 0.827778 0.660938 0.826389 0.653125 0.826389 0.652344 0.825 0.647656 0.825 0.646875 0.823611 0.645312 0.823611 0.644531 0.822222 0.642969 0.822222 0.642188 0.820833 0.640625 0.820833 0.639844 0.819444 0.638281 0.819444 0.6375 0.818056 0.634375 0.818056 0.633594 0.816667 0.63125 0.816667 0.630469 0.815278 0.625781 0.815278 0.625 0.813889 0.615625 0.813889 0.614844 0.8125 0.605469 0.8125 0.604688 0.811111 0.59375 0.811111 0.592969 0.809722 0.58125 0.809722 0.580469 0.808333 0.567188 0.808333 0.566406 0.806944 0.551562 0.806944 0.550781 0.805556 0.533594 0.805556 0.532812 0.804167 0.514844 0.804167 0.514062 0.805556 0.513281 0.805556 0.5125 0.806944 0.510938 0.806944 0.510156 0.808333 0.504687 0.808333 0.503906 0.806944 0.49375 0.806944 0.492969 0.808333 0.489844 0.808333 0.489062 0.806944 0.486719 0.806944 0.485938 0.805556 0.485156 0.805556 0.484375 0.804167
0 0.14375 0.490278 0.141406 0.494444 0.141406 0.497222 0.140625 0.498611 0.140625 0.5 0.139844 0.501389 0.139844 0.502778 0.139062 0.504167 0.139062 0.522222 0.139844 0.523611 0.140625 0.523611 0.142188 0.520833 0.142969 0.522222 0.142969 0.525 0.14375 0.526389 0.14375 0.527778 0.144531 0.529167 0.144531 0.530556 0.145312 0.531944 0.145312 0.533333 0.146094 0.534722 0.146094 0.5375 0.146875 0.538889 0.146875 0.540278 0.146094 0.541667 0.146094 0.544444 0.145312 0.545833 0.146094 0.547222 0.146094 0.552778 0.145312 0.554167 0.146094 0.555556 0.146094 0.561111 0.145312 0.5625 0.15 0.5625 0.150781 0.561111 0.149219 0.561111 0.148438 0.559722 0.149219 0.558333 0.149219 0.555556 0.15 0.554167 0.15 0.551389 0.149219 0.55 0.149219 0.547222 0.148438 0.545833 0.148438 0.541667 0.147656 0.540278 0.147656 0.536111 0.146875 0.534722 0.146875 0.529167 0.146094 0.527778 0.146094 0.525 0.145312 0.523611 0.145312 0.513889 0.146094 0.5125 0.146094 0.506944 0.146875 0.505556 0.146875 0.495833 0.146875 0.498611 0.146094 0.5 0.146094 0.501389 0.145312 0.502778 0.145312 0.504167 0.144531 0.505556 0.144531 0.508333 0.14375 0.509722 0.14375 0.511111 0.142969 0.5125 0.142969 0.516667 0.142188 0.518056 0.142188 0.519444 0.141406 0.520833 0.140625 0.519444 0.140625 0.518056 0.139844 0.516667 0.139844 0.508333 0.140625 0.506944 0.140625 0.504167 0.141406 0.502778 0.141406 0.501389 0.142188 0.5 0.142188 0.495833 0.142969 0.494444 0.142969 0.493056 0.14375 0.491667 0.14375 0.490278 0.146875 0.481944 0.147656 0.480556 0.149219 0.480556 0.149219 0.477778 0.148438 0.477778 0.147656 0.479167 0.146875 0.479167 0.146875 0.481944
0 0.642969 0.491667 0.642969 0.493056 0.64375 0.494444 0.642188 0.497222 0.641406 0.497222 0.641406 0.498611 0.640625 0.5 0.640625 0.502778 0.641406 0.502778 0.642188 0.504167 0.642188 0.508333 0.641406 0.509722 0.641406 0.516667 0.640625 0.518056 0.640625 0.523611 0.640625 0.522222 0.641406 0.520833 0.641406 0.519444 0.642188 0.518056 0.642188 0.515278 0.642969 0.513889 0.642969 0.5125 0.64375 0.511111 0.644531 0.5125 0.644531 0.525 0.646094 0.525 0.645312 0.523611 0.645312 0.505556 0.646094 0.504167 0.646094 0.502778 0.645312 0.501389 0.645312 0.495833 0.644531 0.494444 0.644531 0.491667
2 0.475 0.502778 0.475781 0.501389 0.475 0.501389 0.475 0.502778 0.476562 0.504167 0.476562 0.505556 0.475 0.508333 0.473438 0.508333 0.472656 0.509722 0.472656 0.511111 0.471875 0.5125 0.471875 0.522222 0.472656 0.523611 0.475 0.523611 0.475 0.520833 0.475781 0.519444 0.478906 0.519444 0.479688 0.520833 0.479688 0.522222 0.480469 0.523611 0.48125 0.523611 0.482031 0.522222 0.482031 0.520833 0.482812 0.519444 0.485938 0.519444 0.486719 0.520833 0.486719 0.523611 0.4875 0.525 0.488281 0.525 0.489062 0.523611 0.489062 0.520833 0.489844 0.519444 0.492188 0.519444 0.492969 0.520833 0.492969 0.522222 0.49375 0.523611 0.495312 0.523611 0.495312 0.519444 0.496094 0.518056 0.496094 0.508333 0.492969 0.502778 0.492188 0.502778 0.491406 0.501389 0.490625 0.501389 0.489062 0.498611 0.489062 0.497222 0.488281 0.498611 0.479688 0.498611 0.479688 0.5 0.478906 0.501389 0.478125 0.501389 0.476562 0.504167
0 0.930469 0.465278 0.928125 0.469444 0.928125 0.475 0.929688 0.477778 0.924219 0.4875 0.924219 0.488889 0.923438 0.490278 0.923438 0.5 0.922656 0.501389 0.922656 0.511111 0.921875 0.5125 0.921875 0.522222 0.921094 0.523611 0.921094 0.533333 0.921875 0.534722 0.921875 0.55 0.922656 0.551389 0.922656 0.556944 0.917969 0.565278 0.917969 0.566667 0.917188 0.568056 0.917188 0.570833 0.916406 0.572222 0.916406 0.575 0.915625 0.576389 0.915625 0.579167 0.914062 0.581944 0.914062 0.584722 0.913281 0.586111 0.913281 0.588889 0.9125 0.590278 0.913281 0.590278 0.914062 0.591667 0.915625 0.591667 0.916406 0.593056 0.917969 0.593056 0.91875 0.594444 0.921094 0.594444 0.921875 0.595833 0.925781 0.595833 0.925781 0.594444 0.925 0.594444 0.924219 0.593056 0.922656 0.593056 0.919531 0.5875 0.919531 0.584722 0.920312 0.583333 0.920312 0.580556 0.921094 0.579167 0.921094 0.577778 0.921875 0.576389 0.921875 0.573611 0.923438 0.570833 0.923438 0.569444 0.925781 0.565278 0.925781 0.563889 0.928125 0.559722 0.928125 0.556944 0.928906 0.555556 0.928906 0.552778 0.929688 0.551389 0.929688 0.547222 0.930469 0.545833 0.930469 0.541667 0.93125 0.540278 0.932031 0.541667 0.932812 0.541667 0.935156 0.545833 0.935938 0.545833 0.940625 0.554167 0.940625 0.555556 0.939844 0.556944 0.939844 0.558333 0.939062 0.559722 0.939062 0.561111 0.938281 0.5625 0.938281 0.565278 0.9375 0.566667 0.9375 0.576389 0.936719 0.577778 0.936719 0.581944 0.935938 0.583333 0.935938 0.586111 0.936719 0.5875 0.936719 0.590278 0.9375 0.591667 0.939062 0.591667 0.939844 0.590278 0.949219 0.590278 0.949219 0.5875 0.946094 0.5875 0.945312 0.586111 0.94375 0.586111 0.942188 0.583333 0.942188 0.577778 0.942969 0.576389 0.942969 0.572222 0.94375 0.570833 0.94375 0.569444 0.944531 0.568056 0.944531 0.565278 0.945312 0.563889 0.945312 0.561111 0.946094 0.559722 0.946094 0.558333 0.946875 0.556944 0.946875 0.554167 0.946094 0.552778 0.946094 0.548611 0.945312 0.547222 0.945312 0.545833 0.94375 0.543056 0.94375 0.541667 0.936719 0.529167 0.936719 0.527778 0.935938 0.527778 0.934375 0.525 0.934375 0.522222 0.935156 0.520833 0.935938 0.520833 0.935938 0.516667 0.936719 0.515278 0.936719 0.511111 0.935938 0.509722 0.935938 0.504167 0.9375 0.501389 0.9375 0.495833 0.936719 0.494444 0.936719 0.493056 0.935938 0.491667 0.935938 0.484722 0.935156 0.483333 0.935938 0.481944 0.936719 0.481944 0.938281 0.479167 0.938281 0.473611 0.939062 0.472222 0.939062 0.469444 0.939844 0.468056 0.939062 0.468056 0.9375 0.465278
2 0.692188 0.505556 0.690625 0.505556 0.689844 0.506944 0.689844 0.508333 0.689062 0.509722 0.689062 0.511111 0.689844 0.5125 0.692188 0.5125 0.692188 0.509722 0.692969 0.508333 0.692188 0.506944 0.692188 0.505556 0.703125 0.501389 0.704688 0.504167 0.704688 0.506944 0.70625 0.506944 0.705469 0.506944 0.704688 0.505556 0.704688 0.502778 0.705469 0.501389 0.707031 0.501389 0.707031 0.5 0.70625 0.5 0.705469 0.498611 0.705469 0.501389 0.704688 0.502778 0.703906 0.501389 0.703125 0.501389
0 0.15 0.469444 0.148438 0.472222 0.148438 0.473611 0.149219 0.475 0.149219 0.476389 0.15 0.477778 0.15 0.480556 0.149219 0.481944 0.147656 0.481944 0.146094 0.484722 0.145312 0.484722 0.145312 0.4875 0.144531 0.488889 0.144531 0.491667 0.14375 0.493056 0.14375 0.494444 0.142969 0.495833 0.142969 0.5 0.142188 0.501389 0.142188 0.502778 0.141406 0.504167 0.141406 0.506944 0.140625 0.508333 0.140625 0.516667 0.141406 0.518056 0.140625 0.516667 0.140625 0.513889 0.141406 0.5125 0.142188 0.513889 0.142188 0.509722 0.142969 0.508333 0.142969 0.506944 0.144531 0.504167 0.144531 0.502778 0.145312 0.501389 0.145312 0.5 0.146094 0.498611 0.146094 0.495833 0.146875 0.494444 0.147656 0.495833 0.147656 0.505556 0.146875 0.506944 0.146875 0.5125 0.146094 0.513889 0.146094 0.523611 0.146875 0.525 0.146875 0.527778 0.147656 0.529167 0.147656 0.534722 0.148438 0.536111 0.148438 0.540278 0.149219 0.541667 0.149219 0.545833 0.15 0.547222 0.15 0.55 0.150781 0.551389 0.150781 0.556944 0.149219 0.559722 0.153125 0.559722 0.154688 0.556944 0.155469 0.558333 0.157812 0.558333 0.157812 0.552778 0.157031 0.551389 0.157031 0.538889 0.15625 0.5375 0.15625 0.529167 0.157031 0.527778 0.157031 0.525 0.157812 0.523611 0.157812 0.520833 0.160156 0.516667 0.160156 0.515278 0.160938 0.513889 0.160938 0.497222 0.160156 0.495833 0.160156 0.490278 0.159375 0.488889 0.159375 0.486111 0.157812 0.483333 0.157031 0.483333 0.15625 0.481944 0.155469 0.481944 0.153906 0.479167 0.153906 0.477778 0.154688 0.476389 0.154688 0.470833 0.153906 0.469444
0 0.970312 0.459722 0.970312 0.461111 0.969531 0.4625 0.96875 0.4625 0.967969 0.463889 0.966406 0.463889 0.965625 0.465278 0.965625 0.469444 0.964844 0.470833 0.964844 0.473611 0.966406 0.476389 0.965625 0.477778 0.965625 0.479167 0.964844 0.480556 0.964844 0.481944 0.964062 0.483333 0.963281 0.483333 0.9625 0.484722 0.9625 0.486111 0.960938 0.488889 0.960938 0.497222 0.960156 0.498611 0.960156 0.513889 0.959375 0.515278 0.959375 0.523611 0.958594 0.525 0.958594 0.526389 0.957812 0.527778 0.957812 0.533333 0.958594 0.534722 0.958594 0.5375 0.959375 0.538889 0.959375 0.5625 0.955469 0.569444 0.955469 0.570833 0.954688 0.572222 0.954688 0.573611 0.953906 0.575 0.953906 0.576389 0.953125 0.577778 0.953125 0.579167 0.952344 0.580556 0.952344 0.581944 0.951562 0.583333 0.951562 0.584722 0.950781 0.586111 0.950781 0.5875 0.95 0.588889 0.95 0.590278 0.949219 0.591667 0.95 0.593056 0.95 0.594444 0.949219 0.595833 0.949219 0.597222 0.95 0.597222 0.950781 0.598611 0.953906 0.598611 0.954688 0.6 0.955469 0.6 0.95625 0.601389 0.957812 0.601389 0.958594 0.602778 0.963281 0.602778 0.963281 0.6 0.961719 0.6 0.960938 0.598611 0.959375 0.598611 0.957812 0.595833 0.958594 0.594444 0.958594 0.590278 0.959375 0.588889 0.959375 0.5875 0.960156 0.586111 0.960156 0.584722 0.960938 0.583333 0.960938 0.581944 0.9625 0.579167 0.9625 0.577778 0.964062 0.575 0.964062 0.573611 0.965625 0.570833 0.965625 0.569444 0.967188 0.566667 0.967188 0.565278 0.967969 0.563889 0.967969 0.5625 0.96875 0.561111 0.96875 0.558333 0.969531 0.556944 0.969531 0.554167 0.970312 0.552778 0.970312 0.547222 0.971094 0.545833 0.975781 0.554167 0.976562 0.554167 0.979688 0.559722 0.979688 0.561111 0.977344 0.565278 0.977344 0.566667 0.976562 0.568056 0.976562 0.570833 0.975781 0.572222 0.975781 0.573611 0.975 0.575 0.975 0.579167 0.974219 0.580556 0.974219 0.583333 0.973438 0.584722 0.973438 0.591667 0.974219 0.593056 0.974219 0.597222 0.982031 0.597222 0.982812 0.598611 0.983594 0.598611 0.984375 0.597222 0.989844 0.597222 0.989844 0.595833 0.989062 0.594444 0.985938 0.594444 0.985156 0.593056 0.983594 0.593056 0.982812 0.591667 0.982812 0.590278 0.982031 0.588889 0.982031 0.586111 0.982812 0.584722 0.982812 0.581944 0.983594 0.580556 0.983594 0.579167 0.984375 0.577778 0.984375 0.576389 0.985156 0.575 0.985156 0.572222 0.985938 0.570833 0.985938 0.568056 0.986719 0.566667 0.986719 0.565278 0.9875 0.563889 0.9875 0.555556 0.985938 0.552778 0.985938 0.551389 0.984375 0.548611 0.984375 0.547222 0.982812 0.544444 0.982812 0.543056 0.979688 0.5375 0.979688 0.536111 0.978125 0.533333 0.977344 0.533333 0.976562 0.531944 0.975781 0.531944 0.973438 0.527778 0.973438 0.523611 0.974219 0.522222 0.975 0.522222 0.974219 0.520833 0.975 0.519444 0.975 0.5125 0.974219 0.511111 0.974219 0.508333 0.975 0.506944 0.975 0.504167 0.976562 0.501389 0.976562 0.497222 0.975781 0.495833 0.975781 0.493056 0.975 0.491667 0.975 0.490278 0.974219 0.488889 0.975 0.4875 0.975 0.484722 0.974219 0.483333 0.974219 0.481944 0.975 0.480556 0.977344 0.480556 0.978125 0.479167 0.978125 0.477778 0.979688 0.475 0.978125 0.472222 0.978125 0.468056 0.979688 0.465278 0.979688 0.463889 0.978906 0.463889 0.977344 0.461111 0.973438 0.461111 0.972656 0.459722
