9 0.489844 0.463889 0.489844 0.465278 0.490625 0.463889 0.489844 0.463889 0.490625 0.458333 0.489844 0.459722 0.489844 0.454167 0.490625 0.452778 0.490625 0.445833 0.491406 0.445833 0.492188 0.444444 0.492188 0.443056 0.49375 0.440278 0.492969 0.440278 0.492188 0.438889 0.492969 0.4375 0.492969 0.434722 0.49375 0.433333 0.492969 0.433333 0.492188 0.431944 0.49375 0.429167 0.49375 0.427778 0.492969 0.427778 0.492188 0.426389 0.492188 0.425 0.492969 0.423611 0.492969 0.422222 0.492188 0.422222 0.490625 0.419444 0.489844 0.420833 0.489844 0.440278 0.490625 0.441667 0.490625 0.445833 0.490625 0.452778 0.489844 0.452778 0.489844 0.454167 0.489844 0.459722 0.489844 0.458333 0.490625 0.458333
82 0.488281 0.429167 0.486719 0.431944 0.482031 0.431944 0.488281 0.431944 0.489062 0.433333 0.488281 0.434722 0.48125 0.434722 0.48125 0.4375 0.489062 0.4375 0.489062 0.429167
9 0.65625 0.501389 0.655469 0.501389 0.655469 0.505556 0.65625 0.505556 0.65625 0.501389 0.658594 0.45 0.657812 0.448611 0.657031 0.448611 0.657812 0.448611 0.658594 0.447222 0.658594 0.418056 0.657812 0.416667 0.657031 0.416667 0.578125 0.416667 0.577344 0.416667 0.576562 0.418056 0.575 0.418056 0.574219 0.416667 0.574219 0.415278 0.573438 0.413889 0.573438 0.411111 0.574219 0.409722 0.574219 0.405556 0.573438 0.404167 0.573438 0.401389 0.574219 0.4 0.574219 0.395833 0.573438 0.394444 0.573438 0.391667 0.521875 0.388889 0.521094 0.388889 0.520312 0.3875 0.51875 0.3875 0.517969 0.388889 0.517188 0.388889 0.517188 0.415278 0.51875 0.418056 0.520312 0.418056 0.521094 0.416667 0.521875 0.416667 0.521875 0.388889 0.573438 0.391667 0.574219 0.390278 0.574219 0.388889 0.575 0.3875 0.576562 0.3875 0.577344 0.388889 0.578125 0.388889 0.578125 0.416667 0.657031 0.416667 0.657812 0.416667 0.658594 0.415278 0.667969 0.415278 0.667969 0.45 0.658594 0.45
82 0.655469 0.451389 0.65625 0.452778 0.65625 0.454167 0.655469 0.455556 0.65625 0.455556 0.657031 0.454167 0.657812 0.454167 0.657812 0.451389 0.655469 0.451389 0.554688 0.405556 0.554688 0.409722 0.536719 0.409722 0.5375 0.402778 0.553906 0.402778 0.651562 0.393056 0.659375 0.393056 0.659375 0.383333 0.651562 0.383333 0.651562 0.393056 0.553906 0.402778 0.546875 0.402778 0.546094 0.401389 0.546094 0.4 0.545312 0.4 0.545312 0.401389 0.544531 0.402778 0.5375 0.402778 0.536719 0.409722 0.536719 0.405556 0.554688 0.405556
9 0.290625 0.458333 0.285156 0.458333 0.284375 0.459722 0.284375 0.466667 0.285156 0.468056 0.292188 0.468056 0.292969 0.469444 0.292188 0.468056 0.291406 0.468056 0.290625 0.466667 0.290625 0.458333 0.315625 0.429167 0.316406 0.429167 0.317188 0.430556 0.317969 0.430556 0.31875 0.429167 0.332031 0.420833 0.334375 0.420833 0.334375 0.434722 0.333594 0.434722 0.332812 0.436111 0.332031 0.436111 0.33125 0.434722 0.33125 0.433333 0.332812 0.418056 0.332031 0.416667 0.330469 0.416667 0.295312 0.416667 0.315625 0.413889 0.31875 0.413889 0.317188 0.413889 0.316406 0.4125 0.317969 0.411111 0.31875 0.411111 0.31875 0.406944 0.317969 0.405556 0.317188 0.405556 0.316406 0.406944 0.315625 0.406944 0.314844 0.408333 0.313281 0.408333 0.314844 0.408333 0.315625 0.409722 0.317188 0.409722 0.317969 0.411111 0.316406 0.4125 0.315625 0.4125 0.315625 0.413889 0.295312 0.416667 0.294531 0.418056 0.29375 0.416667 0.292188 0.416667 0.291406 0.415278 0.290625 0.415278 0.289844 0.413889 0.288281 0.413889 0.288281 0.419444 0.2875 0.420833 0.286719 0.420833 0.286719 0.422222 0.288281 0.425 0.288281 0.427778 0.2875 0.429167 0.286719 0.429167 0.286719 0.430556 0.288281 0.433333 0.288281 0.4375 0.2875 0.438889 0.286719 0.438889 0.286719 0.440278 0.288281 0.443056 0.288281 0.45 0.295312 0.45 0.295312 0.448611 0.294531 0.45 0.29375 0.45 0.292188 0.447222 0.292969 0.445833 0.292969 0.419444 0.29375 0.418056 0.295312 0.418056 0.295312 0.416667 0.330469 0.416667 0.330469 0.415278 0.33125 0.416667 0.332812 0.413889 0.333594 0.415278 0.334375 0.415278 0.334375 0.418056 0.332812 0.418056 0.33125 0.433333 0.330469 0.431944 0.329688 0.431944 0.329688 0.430556 0.330469 0.430556 0.33125 0.429167 0.33125 0.426389 0.330469 0.425 0.330469 0.422222 0.33125 0.420833 0.33125 0.419444 0.332031 0.420833 0.31875 0.429167 0.31875 0.420833 0.315625 0.420833 0.315625 0.422222 0.314844 0.423611 0.313281 0.423611 0.315625 0.427778 0.315625 0.429167
82 0.295312 0.441667 0.296094 0.443056 0.296094 0.445833 0.296875 0.445833 0.296875 0.443056 0.296094 0.443056 0.295312 0.441667 0.29375 0.441667 0.295312 0.441667 0.305469 0.419444 0.321875 0.419444 0.321875 0.415278 0.321094 0.415278 0.320312 0.413889 0.319531 0.415278 0.307812 0.415278 0.307031 0.413889 0.307812 0.4125 0.310938 0.4125 0.314062 0.411111 0.314062 0.4125 0.292188 0.394444 0.292188 0.384722 0.291406 0.383333 0.291406 0.394444 0.292188 0.394444 0.314062 0.4125 0.313281 0.4125 0.313281 0.411111 0.314062 0.411111 0.310938 0.4125 0.307812 0.4125 0.30625 0.415278 0.305469 0.415278 0.305469 0.419444
82 0.748438 0.491667 0.747656 0.493056 0.747656 0.494444 0.748438 0.495833 0.748438 0.491667 0.749219 0.479167 0.749219 0.469444 0.747656 0.469444 0.746875 0.468056 0.746094 0.468056 0.745312 0.469444 0.745312 0.479167 0.749219 0.479167
82 0.56875 0.468056 0.567969 0.469444 0.567969 0.479167 0.571875 0.479167 0.571875 0.468056
82 0.384375 0.468056 0.384375 0.479167 0.388281 0.479167 0.388281 0.469444 0.3875 0.468056
82 0.230469 0.468056 0.230469 0.479167 0.234375 0.479167 0.234375 0.468056
82 0.75 0.451389 0.749219 0.452778 0.747656 0.452778 0.747656 0.454167 0.748438 0.454167 0.749219 0.455556 0.748438 0.456944 0.747656 0.456944 0.747656 0.458333 0.748438 0.456944 0.749219 0.456944 0.75 0.458333 0.749219 0.459722 0.749219 0.461111 0.748438 0.4625 0.747656 0.4625 0.747656 0.468056 0.753906 0.468056 0.753906 0.451389
2 0.736719 0.502778 0.733594 0.502778 0.732812 0.504167 0.733594 0.502778 0.736719 0.502778 0.747656 0.5 0.745312 0.491667 0.746094 0.493056 0.746875 0.491667 0.747656 0.491667 0.746875 0.493056 0.746875 0.494444 0.747656 0.495833 0.745312 0.495833 0.745312 0.494444 0.744531 0.493056 0.722656 0.491667 0.71875 0.491667 0.717969 0.493056 0.715625 0.493056 0.714062 0.495833 0.713281 0.495833 0.710938 0.5 0.710156 0.5 0.709375 0.501389 0.704688 0.501389 0.703906 0.502778 0.699219 0.502778 0.697656 0.505556 0.699219 0.505556 0.7 0.506944 0.704688 0.506944 0.705469 0.508333 0.707031 0.508333 0.707812 0.509722 0.708594 0.509722 0.709375 0.508333 0.710938 0.508333 0.711719 0.506944 0.719531 0.506944 0.720312 0.505556 0.721094 0.505556 0.721875 0.506944 0.722656 0.506944 0.721875 0.506944 0.721094 0.505556 0.721875 0.504167 0.722656 0.504167 0.722656 0.498611 0.721875 0.497222 0.721875 0.494444 0.722656 0.493056 0.722656 0.491667 0.744531 0.493056 0.741406 0.493056 0.740625 0.494444 0.740625 0.497222 0.739844 0.498611 0.730469 0.498611 0.730469 0.491667 0.745312 0.491667 0.747656 0.5 0.749219 0.502778 0.749219 0.501389 0.748438 0.5 0.747656 0.5
82 0.525 0.390278 0.525 0.394444 0.525781 0.394444 0.526562 0.395833 0.525781 0.397222 0.525 0.397222 0.525 0.408333 0.535938 0.408333 0.535938 0.394444 0.535156 0.394444 0.534375 0.393056 0.535156 0.391667 0.535938 0.391667 0.535938 0.390278
82 0.555469 0.390278 0.555469 0.408333 0.565625 0.408333 0.565625 0.390278
82 0.296094 0.479167 0.296094 0.497222 0.297656 0.497222 0.297656 0.479167 0.296094 0.479167 0.292188 0.479167 0.290625 0.479167 0.290625 0.490278 0.292188 0.490278 0.292188 0.479167
82 0.653906 0.480556 0.653125 0.481944 0.653125 0.5 0.654688 0.5 0.654688 0.480556
82 0.657031 0.461111 0.657031 0.479167 0.658594 0.479167 0.658594 0.461111 0.657031 0.461111 0.653906 0.461111 0.651562 0.461111 0.651562 0.479167 0.653906 0.479167 0.653906 0.461111
82 0.29375 0.454167 0.29375 0.473611 0.296094 0.473611 0.296094 0.455556 0.295312 0.455556 0.294531 0.454167
82 0.328125 0.418056 0.328125 0.427778 0.328906 0.429167 0.329688 0.429167 0.329688 0.419444 0.328906 0.419444 0.328125 0.418056 0.329688 0.416667 0.329688 0.413889 0.328125 0.413889 0.328125 0.415278 0.328906 0.415278 0.329688 0.416667
1 0.653906 0.530556 0.654688 0.531944 0.654688 0.530556 0.653906 0.530556 0.649219 0.533333 0.649219 0.530556 0.648438 0.529167 0.652344 0.526389 0.653125 0.527778 0.653906 0.527778 0.650781 0.522222 0.660156 0.519444 0.653125 0.516667 0.653906 0.518056 0.655469 0.518056 0.653906 0.518056 0.653125 0.519444 0.653125 0.520833 0.652344 0.520833 0.653125 0.5125 0.658594 0.516667 0.659375 0.516667 0.660156 0.515278 0.660938 0.516667 0.660938 0.513889 0.661719 0.5125 0.6625 0.5125 0.663281 0.513889 0.6625 0.5125 0.6625 0.509722 0.661719 0.511111 0.660156 0.511111 0.660938 0.5125 0.660938 0.513889 0.659375 0.516667 0.658594 0.516667 0.653125 0.5125 0.652344 0.511111 0.650781 0.511111 0.651562 0.5125 0.653125 0.5125 0.652344 0.520833 0.653125 0.519444 0.653125 0.515278 0.653125 0.516667 0.660156 0.519444 0.660938 0.519444 0.661719 0.520833 0.661719 0.519444 0.660156 0.519444 0.650781 0.522222 0.647656 0.522222 0.646875 0.523611 0.646094 0.523611 0.644531 0.526389 0.644531 0.527778 0.64375 0.529167 0.64375 0.5375 0.645312 0.540278 0.646094 0.540278 0.646875 0.541667 0.647656 0.541667 0.646875 0.541667 0.64375 0.536111 0.64375 0.529167 0.645312 0.526389 0.645312 0.525 0.646094 0.523611 0.646875 0.523611 0.647656 0.522222 0.650781 0.522222 0.653906 0.527778 0.653125 0.527778 0.652344 0.526389 0.652344 0.525 0.652344 0.526389 0.648438 0.529167 0.65 0.531944 0.649219 0.533333
1 0.663281 0.540278 0.663281 0.541667 0.664062 0.541667 0.663281 0.540278 0.653125 0.541667 0.651562 0.541667 0.652344 0.541667 0.653125 0.540278 0.653906 0.540278 0.654688 0.538889 0.653906 0.5375 0.653125 0.5375 0.653906 0.5375 0.654688 0.538889 0.655469 0.5375 0.655469 0.536111 0.652344 0.530556 0.652344 0.534722 0.650781 0.531944 0.651562 0.530556 0.652344 0.530556 0.65625 0.526389 0.657031 0.527778 0.653906 0.526389 0.653125 0.526389 0.653906 0.525 0.653906 0.523611 0.652344 0.522222 0.663281 0.520833 0.65625 0.519444 0.661719 0.516667 0.663281 0.516667 0.664062 0.515278 0.664062 0.5125 0.665625 0.509722 0.666406 0.509722 0.665625 0.509722 0.664844 0.511111 0.664062 0.511111 0.664062 0.515278 0.663281 0.516667 0.661719 0.516667 0.65625 0.519444 0.655469 0.520833 0.65625 0.522222 0.65625 0.513889 0.655469 0.5125 0.65625 0.513889 0.65625 0.519444 0.663281 0.520833 0.664062 0.520833 0.664844 0.519444 0.664844 0.518056 0.663281 0.520833 0.652344 0.522222 0.651562 0.522222 0.650781 0.523611 0.65 0.523611 0.647656 0.527778 0.647656 0.529167 0.646875 0.530556 0.646875 0.538889 0.648438 0.541667 0.649219 0.541667 0.646875 0.5375 0.646875 0.530556 0.647656 0.529167 0.647656 0.527778 0.65 0.523611 0.650781 0.523611 0.651562 0.522222 0.652344 0.522222 0.653906 0.523611 0.653906 0.526389 0.657031 0.527778 0.657031 0.531944 0.65625 0.531944 0.65625 0.527778 0.655469 0.526389 0.65625 0.526389 0.652344 0.530556 0.653125 0.529167 0.652344 0.530556 0.655469 0.536111 0.65625 0.534722 0.657031 0.534722 0.657031 0.536111 0.65625 0.534722 0.655469 0.536111 0.655469 0.5375 0.653125 0.541667
1 0.661719 0.534722 0.660938 0.533333 0.660938 0.534722 0.661719 0.534722 0.664062 0.527778 0.664062 0.529167 0.663281 0.530556 0.663281 0.5375 0.664844 0.540278 0.664844 0.541667 0.663281 0.538889 0.663281 0.530556 0.669531 0.522222 0.665625 0.515278 0.666406 0.516667 0.666406 0.519444 0.667969 0.522222 0.667188 0.522222 0.666406 0.523611 0.667188 0.522222 0.666406 0.520833 0.664844 0.520833 0.666406 0.518056 0.665625 0.516667 0.664062 0.516667 0.667969 0.513889 0.657812 0.515278 0.657812 0.520833 0.658594 0.522222 0.658594 0.525 0.657812 0.526389 0.655469 0.522222 0.653125 0.522222 0.652344 0.523611 0.651562 0.523611 0.649219 0.527778 0.649219 0.529167 0.648438 0.530556 0.648438 0.538889 0.650781 0.543056 0.653906 0.543056 0.655469 0.540278 0.65625 0.540278 0.65625 0.538889 0.657812 0.536111 0.658594 0.536111 0.659375 0.5375 0.659375 0.531944 0.658594 0.530556 0.658594 0.522222 0.657812 0.520833 0.658594 0.519444 0.657812 0.518056 0.657812 0.5125 0.665625 0.511111 0.667188 0.511111 0.667969 0.509722 0.667188 0.511111 0.665625 0.511111 0.657812 0.5125 0.657031 0.5125 0.657031 0.513889 0.657812 0.515278 0.667969 0.513889 0.671094 0.513889 0.671875 0.515278 0.671875 0.5125 0.671094 0.513889 0.667969 0.513889 0.664062 0.516667 0.664844 0.516667 0.665625 0.515278 0.665625 0.513889 0.665625 0.515278 0.669531 0.522222 0.671094 0.525 0.671094 0.523611 0.670312 0.522222 0.669531 0.522222 0.663281 0.530556 0.664062 0.529167 0.664062 0.527778 0.664844 0.526389 0.664062 0.527778
1 0.68125 0.545833 0.680469 0.545833 0.68125 0.547222 0.68125 0.545833 0.685156 0.545833 0.685156 0.544444 0.673438 0.540278 0.672656 0.540278 0.66875 0.536111 0.669531 0.5375 0.670312 0.5375 0.670312 0.538889 0.671094 0.540278 0.671094 0.541667 0.670312 0.543056 0.665625 0.536111 0.664844 0.536111 0.665625 0.534722 0.665625 0.533333 0.670312 0.533333 0.671094 0.534722 0.673438 0.534722 0.674219 0.533333 0.674219 0.531944 0.674219 0.533333 0.673438 0.534722 0.672656 0.534722 0.671094 0.531944 0.671094 0.530556 0.670312 0.529167 0.678125 0.518056 0.677344 0.519444 0.678125 0.520833 0.675781 0.518056 0.678906 0.513889 0.679688 0.5125 0.680469 0.5125 0.68125 0.513889 0.68125 0.5125 0.682031 0.511111 0.68125 0.5125 0.679688 0.5125 0.678906 0.513889 0.675781 0.518056 0.675 0.518056 0.674219 0.519444 0.671875 0.519444 0.671094 0.520833 0.66875 0.520833 0.667969 0.519444 0.667969 0.518056 0.667188 0.516667 0.667188 0.513889 0.666406 0.5125 0.664844 0.5125 0.664844 0.513889 0.665625 0.5125 0.666406 0.513889 0.666406 0.515278 0.667969 0.518056 0.667969 0.519444 0.66875 0.520833 0.66875 0.522222 0.667969 0.523611 0.667969 0.525 0.667188 0.526389 0.666406 0.525 0.663281 0.525 0.6625 0.526389 0.661719 0.526389 0.661719 0.527778 0.660938 0.529167 0.660938 0.530556 0.660156 0.531944 0.660156 0.536111 0.660938 0.5375 0.660938 0.540278 0.661719 0.541667 0.661719 0.543056 0.664062 0.547222 0.666406 0.547222 0.664844 0.547222 0.663281 0.544444 0.6625 0.544444 0.661719 0.543056 0.661719 0.541667 0.660938 0.540278 0.660938 0.5375 0.660156 0.536111 0.660156 0.533333 0.660938 0.531944 0.660938 0.529167 0.6625 0.526389 0.663281 0.526389 0.664062 0.525 0.666406 0.525 0.667188 0.526389 0.667188 0.527778 0.667969 0.527778 0.667969 0.523611 0.66875 0.522222 0.669531 0.523611 0.669531 0.526389 0.669531 0.523611 0.66875 0.522222 0.669531 0.520833 0.671094 0.520833 0.671875 0.519444 0.674219 0.519444 0.675 0.518056 0.675781 0.518056 0.678125 0.520833 0.677344 0.519444 0.677344 0.518056 0.678125 0.518056 0.670312 0.529167 0.669531 0.529167 0.669531 0.530556 0.670312 0.531944 0.670312 0.533333 0.665625 0.533333 0.665625 0.536111 0.670312 0.543056 0.670312 0.544444 0.66875 0.547222 0.66875 0.545833 0.671094 0.541667 0.671094 0.540278 0.670312 0.538889 0.667188 0.538889 0.66875 0.538889 0.669531 0.5375 0.66875 0.536111 0.667188 0.536111 0.66875 0.536111 0.672656 0.540278 0.672656 0.538889 0.673438 0.538889 0.673438 0.540278 0.685156 0.544444 0.685938 0.543056 0.685938 0.544444 0.685156 0.545833
1 0.688281 0.547222 0.6875 0.548611 0.688281 0.548611 0.688281 0.547222 0.68125 0.538889 0.6875 0.536111 0.688281 0.534722 0.68125 0.533333 0.682812 0.533333 0.682812 0.544444 0.684375 0.547222 0.685156 0.547222 0.685938 0.548611 0.689062 0.525 0.689844 0.526389 0.691406 0.526389 0.692969 0.529167 0.692969 0.540278 0.692188 0.541667 0.692188 0.543056 0.68125 0.520833 0.682812 0.519444 0.685156 0.519444 0.685938 0.520833 0.685938 0.522222 0.685156 0.523611 0.685938 0.523611 0.686719 0.525 0.686719 0.519444 0.685938 0.518056 0.685938 0.516667 0.686719 0.515278 0.688281 0.515278 0.689062 0.516667 0.690625 0.516667 0.691406 0.518056 0.691406 0.519444 0.689844 0.522222 0.691406 0.519444 0.691406 0.516667 0.692969 0.513889 0.691406 0.516667 0.689062 0.516667 0.688281 0.515278 0.6875 0.515278 0.686719 0.513889 0.688281 0.511111 0.6875 0.511111 0.685938 0.513889 0.685156 0.513889 0.685938 0.515278 0.685938 0.516667 0.684375 0.519444 0.682812 0.519444 0.68125 0.520833 0.678906 0.520833 0.678125 0.522222 0.676562 0.519444 0.676562 0.515278 0.677344 0.513889 0.678125 0.513889 0.675 0.513889 0.674219 0.5125 0.676562 0.516667 0.676562 0.520833 0.677344 0.522222 0.675 0.526389 0.670312 0.526389 0.669531 0.527778 0.66875 0.527778 0.667188 0.530556 0.667188 0.531944 0.666406 0.533333 0.666406 0.536111 0.665625 0.5375 0.665625 0.541667 0.666406 0.543056 0.666406 0.545833 0.667969 0.548611 0.672656 0.548611 0.675781 0.543056 0.678125 0.543056 0.678906 0.541667 0.678906 0.536111 0.678125 0.534722 0.678125 0.533333 0.677344 0.531944 0.677344 0.523611 0.678906 0.520833 0.68125 0.520833 0.692188 0.543056 0.689844 0.547222 0.689844 0.545833 0.692969 0.540278 0.692969 0.530556 0.690625 0.526389 0.688281 0.526389 0.688281 0.525 0.689062 0.525 0.685938 0.548611 0.682812 0.543056 0.682812 0.541667 0.683594 0.540278 0.682812 0.538889 0.682812 0.534722 0.683594 0.533333 0.683594 0.531944 0.685156 0.529167 0.684375 0.529167 0.683594 0.530556 0.683594 0.531944 0.682812 0.533333 0.68125 0.533333 0.68125 0.531944 0.680469 0.533333 0.680469 0.534722 0.68125 0.533333 0.688281 0.534722 0.688281 0.531944 0.688281 0.538889 0.6875 0.538889 0.6875 0.536111 0.68125 0.538889 0.680469 0.5375 0.680469 0.538889 0.68125 0.538889
2 0.467969 0.804167 0.467188 0.805556 0.449219 0.805556 0.448438 0.806944 0.432031 0.806944 0.43125 0.808333 0.41875 0.808333 0.417969 0.809722 0.40625 0.809722 0.405469 0.811111 0.394531 0.811111 0.39375 0.8125 0.384375 0.8125 0.383594 0.813889 0.374219 0.813889 0.373438 0.815278 0.36875 0.815278 0.367969 0.816667 0.365625 0.816667 0.364844 0.818056 0.361719 0.818056 0.360938 0.819444 0.359375 0.819444 0.358594 0.820833 0.357031 0.820833 0.35625 0.822222 0.354688 0.822222 0.353906 0.823611 0.353125 0.823611 0.352344 0.825 0.347656 0.825 0.346875 0.826389 0.339062 0.826389 0.338281 0.827778 0.330469 0.827778 0.329688 0.829167 0.321094 0.829167 0.320312 0.830556 0.311719 0.830556 0.310938 0.831944 0.300781 0.831944 0.3 0.833333 0.290625 0.833333 0.289844 0.834722 0.279688 0.834722 0.278906 0.836111 0.267969 0.836111 0.267188 0.8375 0.259375 0.8375 0.258594 0.838889 0.253906 0.838889 0.253125 0.840278 0.248438 0.840278 0.247656 0.841667 0.244531 0.841667 0.24375 0.843056 0.242188 0.843056 0.241406 0.844444 0.239062 0.844444 0.238281 0.845833 0.235938 0.845833 0.235156 0.847222 0.232812 0.847222 0.232031 0.848611 0.229688 0.848611 0.228906 0.85 0.226562 0.85 0.225781 0.851389 0.223438 0.851389 0.222656 0.852778 0.220312 0.852778 0.219531 0.854167 0.217188 0.854167 0.216406 0.855556 0.214844 0.855556 0.214062 0.856944 0.211719 0.856944 0.210938 0.858333 0.208594 0.858333 0.207812 0.859722 0.20625 0.859722 0.205469 0.861111 0.203125 0.861111 0.202344 0.8625 0.200781 0.8625 0.2 0.863889 0.197656 0.863889 0.196875 0.865278 0.195312 0.865278 0.194531 0.866667 0.192969 0.866667 0.192188 0.868056 0.190625 0.868056 0.189844 0.869444 0.188281 0.869444 0.1875 0.870833 0.185938 0.870833 0.185156 0.872222 0.184375 0.872222 0.183594 0.873611 0.182031 0.873611 0.18125 0.875 0.179688 0.875 0.178906 0.876389 0.177344 0.876389 0.176562 0.877778 0.175781 0.877778 0.175 0.879167 0.173438 0.879167 0.172656 0.880556 0.171875 0.880556 0.171094 0.881944 0.169531 0.881944 0.16875 0.883333 0.167969 0.883333 0.167188 0.884722 0.165625 0.884722 0.164844 0.886111 0.164062 0.886111 0.163281 0.8875 0.1625 0.8875 0.161719 0.888889 0.160156 0.888889 0.159375 0.890278 0.158594 0.890278 0.157812 0.891667 0.157031 0.891667 0.15625 0.893056 0.154688 0.893056 0.153906 0.894444 0.153125 0.894444 0.152344 0.895833 0.151562 0.895833 0.150781 0.897222 0.15 0.897222 0.149219 0.898611 0.148438 0.898611 0.147656 0.9 0.146875 0.9 0.146094 0.901389 0.145312 0.901389 0.144531 0.902778 0.142969 0.902778 0.142188 0.904167 0.141406 0.904167 0.140625 0.905556 0.139844 0.905556 0.139062 0.906944 0.138281 0.906944 0.1375 0.908333 0.136719 0.908333 0.135938 0.909722 0.135156 0.909722 0.134375 0.911111 0.133594 0.911111 0.132812 0.9125 0.132031 0.9125 0.13125 0.913889 0.130469 0.913889 0.129688 0.915278 0.128906 0.915278 0.128125 0.916667 0.127344 0.916667 0.126562 0.918056 0.125781 0.918056 0.125 0.919444 0.123438 0.919444 0.122656 0.920833 0.121875 0.920833 0.121094 0.922222 0.120312 0.922222 0.119531 0.923611 0.11875 0.923611 0.117969 0.925 0.117188 0.925 0.116406 0.926389 0.115625 0.926389 0.114844 0.927778 0.114062 0.927778 0.113281 0.929167 0.1125 0.929167 0.111719 0.930556 0.110938 0.930556 0.110156 0.931944 0.109375 0.931944 0.108594 0.933333 0.107812 0.933333 0.107031 0.934722 0.10625 0.934722 0.105469 0.936111 0.104688 0.936111 0.103906 0.9375 0.103125 0.9375 0.102344 0.938889 0.101562 0.938889 0.100781 0.940278 0.099219 0.940278 0.098438 0.941667 0.097656 0.941667 0.096875 0.943056 0.096094 0.943056 0.095312 0.944444 0.094531 0.944444 0.09375 0.945833 0.092969 0.945833 0.092188 0.947222 0.091406 0.947222 0.090625 0.948611 0.089844 0.948611 0.089062 0.95 0.088281 0.95 0.0875 0.951389 0.086719 0.951389 0.085938 0.952778 0.085156 0.952778 0.084375 0.954167 0.083594 0.954167 0.082812 0.955556 0.082031 0.955556 0.08125 0.956944 0.080469 0.956944 0.079688 0.958333 0.078906 0.958333 0.078125 0.959722 0.077344 0.959722 0.076562 0.961111 0.075781 0.961111 0.075 0.9625 0.074219 0.9625 0.073438 0.963889 0.072656 0.963889 0.071875 0.965278 0.071094 0.965278 0.070312 0.966667 0.069531 0.966667 0.06875 0.968056 0.067969 0.968056 0.067188 0.969444 0.066406 0.969444 0.065625 0.970833 0.064844 0.970833 0.064062 0.972222 0.063281 0.972222 0.0625 0.973611 0.061719 0.973611 0.060938 0.975 0.060156 0.975 0.059375 0.976389 0.058594 0.976389 0.057812 0.977778 0.057031 0.977778 0.05625 0.979167 0.055469 0.979167 0.054688 0.980556 0.053906 0.980556 0.053125 0.981944 0.052344 0.981944 0.051562 0.983333 0.050781 0.983333 0.05 0.984722 0.049219 0.984722 0.048438 0.986111 0.047656 0.986111 0.046875 0.9875 0.046094 0.9875 0.045312 0.988889 0.044531 0.988889 0.04375 0.990278 0.042969 0.990278 0.042188 0.991667 0.041406 0.991667 0.039844 0.994444 0.039062 0.994444 0.038281 0.995833 0.0375 0.995833 0.036719 0.997222 0.035938 0.997222 0.035156 0.998611 0.034375 0.998611 0.964844 0.998611 0.964062 0.998611 0.963281 0.997222 0.9625 0.997222 0.961719 0.995833 0.960938 0.995833 0.959375 0.993056 0.958594 0.993056 0.957812 0.991667 0.957031 0.991667 0.95625 0.990278 0.955469 0.990278 0.954688 0.988889 0.953906 0.988889 0.953125 0.9875 0.952344 0.9875 0.951562 0.986111 0.950781 0.986111 0.95 0.984722 0.949219 0.984722 0.948438 0.983333 0.947656 0.983333 0.946875 0.981944 0.946094 0.981944 0.945312 0.980556 0.944531 0.980556 0.94375 0.979167 0.942969 0.979167 0.942188 0.977778 0.941406 0.977778 0.940625 0.976389 0.939844 0.976389 0.939062 0.975 0.938281 0.975 0.9375 0.973611 0.936719 0.973611 0.935938 0.972222 0.935156 0.972222 0.934375 0.970833 0.933594 0.970833 0.932812 0.969444 0.932031 0.969444 0.93125 0.968056 0.930469 0.968056 0.929688 0.966667 0.928906 0.966667 0.928125 0.965278 0.927344 0.965278 0.926562 0.963889 0.925781 0.963889 0.925 0.9625 0.924219 0.9625 0.923438 0.961111 0.922656 0.961111 0.921875 0.959722 0.921094 0.959722 0.920312 0.958333 0.919531 0.958333 0.91875 0.956944 0.917969 0.956944 0.917188 0.955556 0.916406 0.955556 0.915625 0.954167 0.914844 0.954167 0.914062 0.952778 0.913281 0.952778 0.9125 0.951389 0.911719 0.951389 0.910938 0.95 0.910156 0.95 0.909375 0.948611 0.908594 0.948611 0.907812 0.947222 0.907031 0.947222 0.90625 0.945833 0.905469 0.945833 0.904688 0.944444 0.903906 0.944444 0.903125 0.943056 0.902344 0.943056 0.901562 0.941667 0.900781 0.941667 0.9 0.940278 0.898438 0.940278 0.897656 0.938889 0.896875 0.938889 0.896094 0.9375 0.895312 0.9375 0.894531 0.936111 0.89375 0.936111 0.892969 0.934722 0.892188 0.934722 0.891406 0.933333 0.890625 0.933333 0.889844 0.931944 0.889062 0.931944 0.888281 0.930556 0.8875 0.930556 0.886719 0.929167 0.885938 0.929167 0.885156 0.927778 0.884375 0.927778 0.883594 0.926389 0.882812 0.926389 0.882031 0.925 0.88125 0.925 0.880469 0.923611 0.879688 0.923611 0.878906 0.922222 0.878125 0.922222 0.877344 0.920833 0.876562 0.920833 0.875781 0.919444 0.875 0.919444 0.874219 0.918056 0.872656 0.918056 0.871875 0.916667 0.871094 0.916667 0.870312 0.915278 0.869531 0.915278 0.86875 0.913889 0.867969 0.913889 0.867188 0.9125 0.866406 0.9125 0.865625 0.911111 0.864844 0.911111 0.864062 0.909722 0.863281 0.909722 0.8625 0.908333 0.861719 0.908333 0.860938 0.906944 0.860156 0.906944 0.859375 0.905556 0.858594 0.905556 0.857812 0.904167 0.857031 0.904167 0.85625 0.902778 0.854688 0.902778 0.853906 0.901389 0.853125 0.901389 0.852344 0.9 0.851562 0.9 0.850781 0.898611 0.85 0.898611 0.849219 0.897222 0.848438 0.897222 0.847656 0.895833 0.846875 0.895833 0.846094 0.894444 0.845312 0.894444 0.844531 0.893056 0.842969 0.893056 0.842188 0.891667 0.841406 0.891667 0.840625 0.890278 0.839844 0.890278 0.839062 0.888889 0.8375 0.888889 0.836719 0.8875 0.835938 0.8875 0.835156 0.886111 0.834375 0.886111 0.833594 0.884722 0.832031 0.884722 0.83125 0.883333 0.830469 0.883333 0.829688 0.881944 0.828125 0.881944 0.827344 0.880556 0.826562 0.880556 0.825781 0.879167 0.824219 0.879167 0.823438 0.877778 0.822656 0.877778 0.821875 0.876389 0.820312 0.876389 0.819531 0.875 0.817969 0.875 0.817188 0.873611 0.815625 0.873611 0.814844 0.872222 0.814062 0.872222 0.813281 0.870833 0.811719 0.870833 0.810938 0.869444 0.809375 0.869444 0.808594 0.868056 0.807031 0.868056 0.80625 0.866667 0.804688 0.866667 0.803906 0.865278 0.802344 0.865278 0.801562 0.863889 0.799219 0.863889 0.798438 0.8625 0.796875 0.8625 0.796094 0.861111 0.79375 0.861111 0.792969 0.859722 0.791406 0.859722 0.790625 0.858333 0.788281 0.858333 0.7875 0.856944 0.785156 0.856944 0.784375 0.855556 0.782812 0.855556 0.782031 0.854167 0.779688 0.854167 0.778906 0.852778 0.776562 0.852778 0.775781 0.851389 0.773438 0.851389 0.772656 0.85 0.770312 0.85 0.769531 0.848611 0.767969 0.848611 0.767188 0.847222 0.764844 0.847222 0.764062 0.845833 0.761719 0.845833 0.760938 0.844444 0.758594 0.844444 0.757812 0.843056 0.754688 0.843056 0.753906 0.841667 0.750781 0.841667 0.75 0.840278 0.746094 0.840278 0.745312 0.838889 0.740625 0.838889 0.739844 0.8375 0.732031 0.8375 0.73125 0.836111 0.720312 0.836111 0.719531 0.834722 0.708594 0.834722 0.707812 0.833333 0.698438 0.833333 0.697656 0.831944 0.688281 0.831944 0.6875 0.830556 0.678906 0.830556 0.678125 0.829167 0.669531 0.829167 0.66875 0.827778 0.661719 0.827778 0.660938 0.826389 0.653125 0.826389 0.652344 0.825 0.647656 0.825 0.646875 0.823611 0.645312 0.823611 0.644531 0.822222 0.642969 0.822222 0.642188 0.820833 0.640625 0.820833 0.639844 0.819444 0.638281 0.819444 0.6375 0.818056 0.634375 0.818056 0.633594 0.816667 0.63125 0.816667 0.630469 0.815278 0.625781 0.815278 0.625 0.813889 0.615625 0.813889 0.614844 0.8125 0.605469 0.8125 0.604688 0.811111 0.59375 0.811111 0.592969 0.809722 0.58125 0.809722 0.580469 0.808333 0.567188 0.808333 0.566406 0.806944 0.551562 0.806944 0.550781 0.805556 0.533594 0.805556 0.532812 0.804167 0.514844 0.804167 0.514062 0.805556 0.513281 0.805556 0.5125 0.806944 0.510938 0.806944 0.510156 0.808333 0.504687 0.808333 0.503906 0.806944 0.49375 0.806944 0.492969 0.808333 0.489844 0.808333 0.489062 0.806944 0.486719 0.806944 0.485938 0.805556 0.485156 0.805556 0.484375 0.804167
0 0.650781 0.5125 0.65 0.513889 0.65 0.519444 0.650781 0.520833 0.651562 0.520833 0.651562 0.518056 0.652344 0.516667 0.652344 0.513889 0.651562 0.513889 0.650781 0.5125 0.653125 0.511111 0.652344 0.509722 0.652344 0.506944 0.651562 0.508333 0.651562 0.509722 0.652344 0.509722 0.653125 0.511111
2 0.722656 0.511111 0.721875 0.5125 0.721875 0.513889 0.721094 0.515278 0.721094 0.523611 0.721875 0.523611 0.721875 0.518056 0.722656 0.516667 0.722656 0.511111 0.730469 0.506944 0.73125 0.508333 0.73125 0.523611 0.732031 0.523611 0.734375 0.527778 0.739062 0.527778 0.739844 0.526389 0.739844 0.525 0.740625 0.523611 0.74375 0.523611 0.742969 0.523611 0.741406 0.520833 0.742188 0.519444 0.746094 0.519444 0.746875 0.518056 0.760938 0.518056 0.760938 0.501389 0.760156 0.5 0.760938 0.498611 0.760938 0.497222 0.741406 0.497222 0.739844 0.5 0.739062 0.5 0.736719 0.504167 0.735938 0.504167 0.735156 0.505556 0.732812 0.505556 0.732031 0.506944 0.730469 0.506944
0 0.167969 0.480556 0.167188 0.481944 0.167188 0.483333 0.166406 0.484722 0.167188 0.486111 0.167188 0.4875 0.167969 0.488889 0.166406 0.491667 0.165625 0.491667 0.164844 0.493056 0.163281 0.493056 0.163281 0.494444 0.161719 0.497222 0.161719 0.5 0.160938 0.501389 0.160938 0.502778 0.160156 0.504167 0.160156 0.511111 0.160938 0.5125 0.160938 0.518056 0.161719 0.519444 0.161719 0.522222 0.166406 0.530556 0.166406 0.531944 0.167969 0.534722 0.167969 0.536111 0.166406 0.538889 0.166406 0.540278 0.165625 0.541667 0.165625 0.543056 0.164844 0.544444 0.164844 0.545833 0.164062 0.547222 0.164062 0.548611 0.163281 0.55 0.163281 0.551389 0.1625 0.552778 0.1625 0.555556 0.163281 0.556944 0.163281 0.558333 0.164062 0.559722 0.163281 0.561111 0.16875 0.561111 0.16875 0.559722 0.167969 0.559722 0.166406 0.556944 0.167188 0.555556 0.167188 0.554167 0.167969 0.552778 0.167969 0.551389 0.16875 0.55 0.16875 0.548611 0.169531 0.547222 0.169531 0.545833 0.171094 0.543056 0.171094 0.538889 0.171875 0.5375 0.171875 0.531944 0.172656 0.530556 0.172656 0.520833 0.171875 0.519444 0.171875 0.506944 0.172656 0.505556 0.173438 0.506944 0.173438 0.508333 0.177344 0.515278 0.177344 0.516667 0.178125 0.516667 0.179688 0.519444 0.178906 0.520833 0.179688 0.520833 0.179688 0.518056 0.178906 0.516667 0.178906 0.515278 0.178125 0.513889 0.178125 0.5125 0.175781 0.508333 0.175781 0.506944 0.175 0.505556 0.175 0.504167 0.174219 0.502778 0.174219 0.5 0.173438 0.498611 0.173438 0.494444 0.172656 0.494444 0.171875 0.493056 0.171094 0.493056 0.170312 0.491667 0.171875 0.488889 0.171875 0.484722 0.172656 0.483333 0.171875 0.481944 0.169531 0.481944 0.16875 0.480556
0 0.261719 0.493056 0.261719 0.495833 0.260156 0.498611 0.260156 0.5 0.257812 0.504167 0.258594 0.504167 0.260938 0.5 0.261719 0.501389 0.261719 0.5125 0.260938 0.513889 0.260938 0.516667 0.260156 0.518056 0.260938 0.518056 0.261719 0.516667 0.261719 0.515278 0.2625 0.513889 0.263281 0.513889 0.264062 0.515278 0.264062 0.516667 0.264844 0.518056 0.264844 0.519444 0.265625 0.519444 0.265625 0.518056 0.264844 0.516667 0.264844 0.515278 0.264062 0.513889 0.264062 0.511111 0.263281 0.509722 0.263281 0.508333 0.264844 0.505556 0.264844 0.504167 0.265625 0.502778 0.265625 0.501389 0.264844 0.5 0.264844 0.498611 0.264062 0.497222 0.263281 0.497222 0.2625 0.495833 0.2625 0.493056
2 0.689062 0.527778 0.690625 0.527778 0.692188 0.530556 0.690625 0.527778 0.689062 0.527778 0.6625 0.520833 0.6625 0.519444 0.663281 0.518056 0.653906 0.513889 0.653125 0.513889 0.653906 0.5125 0.657031 0.511111 0.657812 0.511111 0.658594 0.5125 0.658594 0.515278 0.659375 0.515278 0.660156 0.516667 0.659375 0.515278 0.660156 0.513889 0.660156 0.5125 0.659375 0.511111 0.660156 0.509722 0.661719 0.509722 0.6625 0.508333 0.663281 0.509722 0.663281 0.5125 0.6625 0.513889 0.661719 0.513889 0.661719 0.515278 0.663281 0.515278 0.6625 0.513889 0.663281 0.5125 0.663281 0.511111 0.664062 0.509722 0.664844 0.509722 0.665625 0.508333 0.666406 0.508333 0.667969 0.511111 0.667188 0.5125 0.66875 0.5125 0.669531 0.511111 0.670312 0.5125 0.671094 0.5125 0.671875 0.511111 0.672656 0.5125 0.672656 0.515278 0.671875 0.516667 0.671094 0.515278 0.669531 0.515278 0.669531 0.516667 0.66875 0.518056 0.667969 0.516667 0.667969 0.515278 0.667969 0.516667 0.667188 0.518056 0.667188 0.519444 0.667969 0.520833 0.66875 0.519444 0.671094 0.519444 0.671875 0.520833 0.671094 0.522222 0.671875 0.523611 0.672656 0.523611 0.673438 0.525 0.672656 0.523611 0.673438 0.522222 0.675781 0.522222 0.675 0.520833 0.675781 0.519444 0.675 0.519444 0.674219 0.518056 0.675 0.516667 0.675781 0.516667 0.675 0.516667 0.674219 0.515278 0.674219 0.513889 0.675 0.5125 0.678906 0.5125 0.679688 0.513889 0.678906 0.515278 0.678125 0.515278 0.677344 0.516667 0.678125 0.516667 0.678906 0.518056 0.678125 0.519444 0.68125 0.519444 0.682031 0.520833 0.68125 0.522222 0.678906 0.522222 0.679688 0.523611 0.684375 0.523611 0.685156 0.522222 0.685156 0.520833 0.682812 0.520833 0.682031 0.519444 0.682812 0.518056 0.684375 0.518056 0.684375 0.516667 0.683594 0.515278 0.683594 0.513889 0.685156 0.511111 0.686719 0.511111 0.6875 0.509722 0.688281 0.509722 0.689062 0.511111 0.6875 0.513889 0.688281 0.513889 0.689062 0.515278 0.688281 0.516667 0.686719 0.516667 0.686719 0.518056 0.6875 0.519444 0.6875 0.525 0.688281 0.523611 0.689062 0.523611 0.689844 0.525 0.691406 0.525 0.69375 0.529167 0.69375 0.530556 0.694531 0.530556 0.695312 0.531944 0.696094 0.530556 0.697656 0.530556 0.698438 0.529167 0.699219 0.529167 0.700781 0.531944 0.70625 0.531944 0.707031 0.530556 0.707812 0.530556 0.707812 0.529167 0.708594 0.527778 0.711719 0.527778 0.711719 0.526389 0.7125 0.525 0.711719 0.523611 0.711719 0.518056 0.710938 0.516667 0.710938 0.515278 0.709375 0.5125 0.708594 0.5125 0.707031 0.509722 0.705469 0.509722 0.704688 0.508333 0.7 0.508333 0.699219 0.506944 0.694531 0.506944 0.692969 0.504167 0.692188 0.504167 0.689844 0.5 0.689062 0.5 0.688281 0.498611 0.688281 0.497222 0.682812 0.497222 0.682031 0.495833 0.66875 0.495833 0.667969 0.497222 0.666406 0.497222 0.665625 0.495833 0.664844 0.495833 0.664062 0.497222 0.658594 0.497222 0.659375 0.497222 0.660156 0.498611 0.658594 0.501389 0.658594 0.502778 0.657031 0.505556 0.657031 0.511111 0.653906 0.5125 0.653906 0.513889 0.663281 0.518056 0.663281 0.519444 0.6625 0.520833
2 0.722656 0.505556 0.721875 0.505556 0.721094 0.506944 0.720312 0.506944 0.719531 0.508333 0.711719 0.508333 0.710938 0.509722 0.709375 0.509722 0.708594 0.511111 0.709375 0.511111 0.711719 0.515278 0.711719 0.516667 0.7125 0.518056 0.7125 0.523611 0.715625 0.523611 0.716406 0.522222 0.717188 0.523611 0.717969 0.523611 0.71875 0.525 0.721875 0.525 0.721094 0.525 0.720312 0.523611 0.720312 0.515278 0.721094 0.513889 0.721094 0.5125 0.722656 0.509722 0.722656 0.508333 0.721875 0.508333 0.721094 0.506944 0.721875 0.505556 0.722656 0.505556 0.749219 0.504167 0.749219 0.509722 0.742969 0.501389 0.742188 0.502778 0.742969 0.504167 0.741406 0.504167 0.740625 0.502778 0.739844 0.502778 0.739062 0.504167 0.7375 0.501389 0.738281 0.5 0.730469 0.5 0.730469 0.504167 0.73125 0.505556 0.732031 0.505556 0.732031 0.504167 0.732812 0.502778 0.733594 0.504167 0.735156 0.504167 0.733594 0.504167 0.732812 0.502778 0.733594 0.501389 0.7375 0.501389 0.739062 0.504167 0.741406 0.5 0.742188 0.501389 0.744531 0.501389 0.742969 0.501389 0.749219 0.509722 0.749219 0.506944 0.748438 0.505556 0.748438 0.502778 0.749219 0.504167
2 0.791406 0.498611 0.789844 0.501389 0.786719 0.501389 0.786719 0.502778 0.788281 0.502778 0.789062 0.504167 0.788281 0.505556 0.7875 0.505556 0.786719 0.506944 0.786719 0.529167 0.7875 0.530556 0.788281 0.530556 0.789062 0.531944 0.792188 0.531944 0.792188 0.530556 0.792969 0.529167 0.792969 0.516667 0.792188 0.515278 0.792188 0.5125 0.792969 0.511111 0.794531 0.511111 0.794531 0.508333 0.79375 0.508333 0.792969 0.509722 0.792969 0.511111 0.792188 0.5125 0.791406 0.511111 0.791406 0.508333 0.792969 0.505556 0.79375 0.505556 0.792969 0.504167 0.794531 0.501389 0.794531 0.5 0.792188 0.5
2 0.499219 0.481944 0.498438 0.483333 0.4875 0.483333 0.486719 0.484722 0.485938 0.484722 0.485938 0.486111 0.485156 0.4875 0.485156 0.490278 0.484375 0.491667 0.484375 0.494444 0.483594 0.495833 0.483594 0.498611 0.482812 0.5 0.482812 0.501389 0.482031 0.502778 0.482031 0.505556 0.48125 0.506944 0.48125 0.509722 0.480469 0.511111 0.480469 0.548611 0.485156 0.548611 0.485156 0.544444 0.485938 0.543056 0.486719 0.543056 0.486719 0.534722 0.4875 0.533333 0.510938 0.533333 0.511719 0.534722 0.511719 0.536111 0.5125 0.5375 0.5125 0.543056 0.513281 0.543056 0.514062 0.544444 0.514062 0.548611 0.517969 0.548611 0.51875 0.547222 0.51875 0.5125 0.517969 0.511111 0.517969 0.506944 0.517188 0.505556 0.517188 0.504167 0.516406 0.502778 0.516406 0.501389 0.515625 0.5 0.515625 0.495833 0.514844 0.494444 0.514844 0.491667 0.514062 0.490278 0.514062 0.488889 0.513281 0.4875 0.513281 0.484722 0.5125 0.484722 0.511719 0.483333 0.5 0.483333
