9 0.839062 0.445833 0.839844 0.447222 0.839062 0.448611 0.839062 0.466667 0.840625 0.466667 0.841406 0.468056 0.842188 0.468056 0.842188 0.463889 0.842969 0.4625 0.842969 0.461111 0.842188 0.459722 0.842188 0.456944 0.842969 0.455556 0.842188 0.454167 0.842188 0.451389 0.842969 0.45 0.842969 0.448611 0.842188 0.447222 0.842188 0.445833 0.839062 0.445833 0.792188 0.4375 0.813281 0.425 0.814062 0.426389 0.792188 0.425 0.792188 0.423611 0.791406 0.422222 0.790625 0.422222 0.789844 0.420833 0.789062 0.420833 0.788281 0.422222 0.788281 0.4375 0.789062 0.436111 0.789844 0.436111 0.790625 0.434722 0.791406 0.434722 0.791406 0.433333 0.792188 0.431944 0.792188 0.429167 0.791406 0.427778 0.791406 0.426389 0.792188 0.425 0.814062 0.426389 0.814844 0.426389 0.814844 0.427778 0.814062 0.427778 0.813281 0.429167 0.813281 0.430556 0.814062 0.431944 0.814844 0.431944 0.814844 0.433333 0.813281 0.436111 0.813281 0.4375 0.814062 0.438889 0.814844 0.438889 0.814844 0.440278 0.814062 0.440278 0.813281 0.441667 0.813281 0.443056 0.8125 0.444444 0.811719 0.444444 0.810938 0.443056 0.810938 0.425 0.811719 0.423611 0.8125 0.425 0.813281 0.425 0.792188 0.4375 0.791406 0.438889 0.790625 0.438889 0.789844 0.440278 0.788281 0.440278 0.789062 0.441667 0.789844 0.441667 0.790625 0.440278 0.791406 0.440278 0.791406 0.438889 0.792188 0.4375
82 0.833594 0.468056 0.833594 0.470833 0.840625 0.470833 0.840625 0.468056 0.833594 0.468056 0.835938 0.459722 0.836719 0.461111 0.8 0.4375 0.821875 0.436111 0.824219 0.436111 0.824219 0.438889 0.815625 0.438889 0.814844 0.4375 0.796875 0.430556 0.8375 0.430556 0.839844 0.430556 0.839844 0.425 0.8375 0.425 0.8375 0.430556 0.796875 0.430556 0.796094 0.430556 0.795312 0.431944 0.792969 0.431944 0.795312 0.431944 0.796094 0.430556 0.796875 0.430556 0.814844 0.4375 0.814062 0.4375 0.817969 0.4375 0.81875 0.436111 0.817969 0.434722 0.814844 0.434722 0.817188 0.434722 0.817969 0.433333 0.81875 0.434722 0.821094 0.434722 0.821875 0.436111 0.8 0.4375 0.8 0.434722 0.795312 0.434722 0.794531 0.436111 0.79375 0.436111 0.794531 0.4375 0.8 0.4375 0.836719 0.461111 0.838281 0.461111 0.83125 0.461111 0.83125 0.459722 0.835156 0.459722 0.835938 0.458333 0.838281 0.458333 0.836719 0.458333 0.835938 0.459722
9 0.779688 0.436111 0.772656 0.436111 0.772656 0.4625 0.779688 0.4625 0.780469 0.461111 0.782812 0.461111 0.78125 0.461111 0.779688 0.458333 0.777344 0.458333 0.776562 0.456944 0.776562 0.455556 0.777344 0.454167 0.779688 0.454167 0.779688 0.436111 0.85 0.429167 0.850781 0.430556 0.851562 0.430556 0.852344 0.429167 0.853906 0.429167 0.910938 0.406944 0.910938 0.408333 0.853906 0.406944 0.90625 0.404167 0.910156 0.404167 0.910938 0.402778 0.911719 0.402778 0.911719 0.401389 0.910938 0.4 0.910938 0.398611 0.909375 0.398611 0.908594 0.397222 0.907031 0.397222 0.90625 0.398611 0.90625 0.404167 0.853906 0.406944 0.852344 0.406944 0.851562 0.405556 0.850781 0.405556 0.85 0.406944 0.85 0.4125 0.851562 0.4125 0.852344 0.411111 0.853906 0.411111 0.853906 0.406944 0.910938 0.408333 0.911719 0.409722 0.911719 0.4125 0.910938 0.413889 0.910938 0.416667 0.911719 0.418056 0.911719 0.420833 0.910156 0.423611 0.909375 0.423611 0.908594 0.425 0.907031 0.425 0.90625 0.423611 0.90625 0.406944 0.910938 0.406944 0.853906 0.429167 0.853906 0.415278 0.85 0.415278 0.85 0.429167
82 0.780469 0.472222 0.78125 0.472222 0.778125 0.472222 0.778125 0.476389 0.785938 0.476389 0.785938 0.472222 0.782812 0.472222 0.782812 0.475 0.782031 0.476389 0.780469 0.476389 0.779688 0.475 0.779688 0.473611 0.780469 0.472222 0.780469 0.456944 0.780469 0.455556 0.78125 0.454167 0.782812 0.454167 0.783594 0.452778 0.788281 0.452778 0.788281 0.451389 0.817969 0.426389 0.825 0.426389 0.825781 0.425 0.833594 0.425 0.833594 0.420833 0.874219 0.419444 0.785156 0.411111 0.785156 0.418056 0.782812 0.418056 0.779688 0.411111 0.778906 0.411111 0.778906 0.419444 0.779688 0.419444 0.779688 0.411111 0.782812 0.418056 0.782812 0.411111 0.785156 0.411111 0.874219 0.419444 0.88125 0.419444 0.88125 0.416667 0.879688 0.416667 0.878906 0.415278 0.879688 0.413889 0.88125 0.413889 0.879688 0.413889 0.878906 0.415278 0.875 0.415278 0.874219 0.413889 0.875 0.4125 0.878125 0.4125 0.878125 0.411111 0.877344 0.411111 0.876562 0.4125 0.874219 0.4125 0.874219 0.419444 0.833594 0.420833 0.832812 0.419444 0.826562 0.419444 0.825781 0.418056 0.825781 0.419444 0.832031 0.419444 0.832812 0.420833 0.832031 0.422222 0.822656 0.422222 0.821875 0.420833 0.81875 0.420833 0.819531 0.422222 0.81875 0.423611 0.817969 0.423611 0.817969 0.426389 0.788281 0.451389 0.782812 0.451389 0.782812 0.452778 0.782031 0.454167 0.780469 0.454167 0.779688 0.455556 0.777344 0.455556 0.777344 0.456944 0.780469 0.456944
9 0.563281 0.459722 0.5625 0.461111 0.563281 0.4625 0.563281 0.469444 0.564844 0.469444 0.564844 0.459722
82 0.547656 0.458333 0.548438 0.458333 0.549219 0.459722 0.550781 0.459722 0.550781 0.458333
82 0.550781 0.461111 0.550781 0.463889 0.552344 0.463889 0.552344 0.461111
82 0.995312 0.481944 0.994531 0.483333 0.99375 0.483333 0.99375 0.4875 0.996875 0.4875 0.996875 0.483333 0.996094 0.481944
82 0.65 0.488889 0.65 0.494444 0.650781 0.494444 0.650781 0.488889
82 0.869531 0.4125 0.865625 0.4125 0.864844 0.413889 0.863281 0.413889 0.863281 0.422222 0.865625 0.422222 0.866406 0.420833 0.869531 0.420833 0.869531 0.4125 0.869531 0.409722 0.869531 0.405556 0.863281 0.405556 0.863281 0.409722 0.869531 0.409722
2 0.467969 0.804167 0.467188 0.805556 0.449219 0.805556 0.448438 0.806944 0.432031 0.806944 0.43125 0.808333 0.41875 0.808333 0.417969 0.809722 0.40625 0.809722 0.405469 0.811111 0.394531 0.811111 0.39375 0.8125 0.384375 0.8125 0.383594 0.813889 0.374219 0.813889 0.373438 0.815278 0.36875 0.815278 0.367969 0.816667 0.365625 0.816667 0.364844 0.818056 0.361719 0.818056 0.360938 0.819444 0.359375 0.819444 0.358594 0.820833 0.357031 0.820833 0.35625 0.822222 0.354688 0.822222 0.353906 0.823611 0.353125 0.823611 0.352344 0.825 0.347656 0.825 0.346875 0.826389 0.339062 0.826389 0.338281 0.827778 0.330469 0.827778 0.329688 0.829167 0.321094 0.829167 0.320312 0.830556 0.311719 0.830556 0.310938 0.831944 0.300781 0.831944 0.3 0.833333 0.290625 0.833333 0.289844 0.834722 0.279688 0.834722 0.278906 0.836111 0.267969 0.836111 0.267188 0.8375 0.259375 0.8375 0.258594 0.838889 0.253906 0.838889 0.253125 0.840278 0.248438 0.840278 0.247656 0.841667 0.244531 0.841667 0.24375 0.843056 0.242188 0.843056 0.241406 0.844444 0.239062 0.844444 0.238281 0.845833 0.235938 0.845833 0.235156 0.847222 0.232812 0.847222 0.232031 0.848611 0.229688 0.848611 0.228906 0.85 0.226562 0.85 0.225781 0.851389 0.223438 0.851389 0.222656 0.852778 0.220312 0.852778 0.219531 0.854167 0.217188 0.854167 0.216406 0.855556 0.214844 0.855556 0.214062 0.856944 0.211719 0.856944 0.210938 0.858333 0.208594 0.858333 0.207812 0.859722 0.20625 0.859722 0.205469 0.861111 0.203125 0.861111 0.202344 0.8625 0.200781 0.8625 0.2 0.863889 0.197656 0.863889 0.196875 0.865278 0.195312 0.865278 0.194531 0.866667 0.192969 0.866667 0.192188 0.868056 0.190625 0.868056 0.189844 0.869444 0.188281 0.869444 0.1875 0.870833 0.185938 0.870833 0.185156 0.872222 0.184375 0.872222 0.183594 0.873611 0.182031 0.873611 0.18125 0.875 0.179688 0.875 0.178906 0.876389 0.177344 0.876389 0.176562 0.877778 0.175781 0.877778 0.175 0.879167 0.173438 0.879167 0.172656 0.880556 0.171875 0.880556 0.171094 0.881944 0.169531 0.881944 0.16875 0.883333 0.167969 0.883333 0.167188 0.884722 0.165625 0.884722 0.164844 0.886111 0.164062 0.886111 0.163281 0.8875 0.1625 0.8875 0.161719 0.888889 0.160156 0.888889 0.159375 0.890278 0.158594 0.890278 0.157812 0.891667 0.157031 0.891667 0.15625 0.893056 0.154688 0.893056 0.153906 0.894444 0.153125 0.894444 0.152344 0.895833 0.151562 0.895833 0.150781 0.897222 0.15 0.897222 0.149219 0.898611 0.148438 0.898611 0.147656 0.9 0.146875 0.9 0.146094 0.901389 0.145312 0.901389 0.144531 0.902778 0.142969 0.902778 0.142188 0.904167 0.141406 0.904167 0.140625 0.905556 0.139844 0.905556 0.139062 0.906944 0.138281 0.906944 0.1375 0.908333 0.136719 0.908333 0.135938 0.909722 0.135156 0.909722 0.134375 0.911111 0.133594 0.911111 0.132812 0.9125 0.132031 0.9125 0.13125 0.913889 0.130469 0.913889 0.129688 0.915278 0.128906 0.915278 0.128125 0.916667 0.127344 0.916667 0.126562 0.918056 0.125 0.918056 0.124219 0.919444 0.123438 0.919444 0.122656 0.920833 0.121875 0.920833 0.121094 0.922222 0.120312 0.922222 0.119531 0.923611 0.11875 0.923611 0.117969 0.925 0.117188 0.925 0.116406 0.926389 0.115625 0.926389 0.114844 0.927778 0.114062 0.927778 0.113281 0.929167 0.1125 0.929167 0.111719 0.930556 0.110938 0.930556 0.110156 0.931944 0.109375 0.931944 0.108594 0.933333 0.107812 0.933333 0.107031 0.934722 0.10625 0.934722 0.105469 0.936111 0.104688 0.936111 0.103906 0.9375 0.103125 0.9375 0.102344 0.938889 0.101562 0.938889 0.100781 0.940278 0.099219 0.940278 0.098438 0.941667 0.097656 0.941667 0.096875 0.943056 0.096094 0.943056 0.095312 0.944444 0.094531 0.944444 0.09375 0.945833 0.092969 0.945833 0.092188 0.947222 0.091406 0.947222 0.090625 0.948611 0.089844 0.948611 0.089062 0.95 0.088281 0.95 0.0875 0.951389 0.086719 0.951389 0.085938 0.952778 0.085156 0.952778 0.084375 0.954167 0.083594 0.954167 0.082812 0.955556 0.082031 0.955556 0.08125 0.956944 0.080469 0.956944 0.079688 0.958333 0.078906 0.958333 0.078125 0.959722 0.077344 0.959722 0.076562 0.961111 0.075781 0.961111 0.075 0.9625 0.074219 0.9625 0.073438 0.963889 0.072656 0.963889 0.071875 0.965278 0.071094 0.965278 0.070312 0.966667 0.069531 0.966667 0.06875 0.968056 0.067969 0.968056 0.067188 0.969444 0.066406 0.969444 0.065625 0.970833 0.064844 0.970833 0.064062 0.972222 0.063281 0.972222 0.0625 0.973611 0.061719 0.973611 0.060938 0.975 0.060156 0.975 0.059375 0.976389 0.058594 0.976389 0.057812 0.977778 0.057031 0.977778 0.05625 0.979167 0.055469 0.979167 0.054688 0.980556 0.053906 0.980556 0.053125 0.981944 0.052344 0.981944 0.051562 0.983333 0.050781 0.983333 0.05 0.984722 0.049219 0.984722 0.048438 0.986111 0.047656 0.986111 0.046875 0.9875 0.046094 0.9875 0.045312 0.988889 0.044531 0.988889 0.04375 0.990278 0.042969 0.990278 0.042188 0.991667 0.041406 0.991667 0.040625 0.993056 0.039844 0.993056 0.038281 0.995833 0.0375 0.995833 0.036719 0.997222 0.035938 0.997222 0.035156 0.998611 0.034375 0.998611 0.964844 0.998611 0.964062 0.998611 0.963281 0.997222 0.9625 0.997222 0.961719 0.995833 0.960938 0.995833 0.960156 0.994444 0.959375 0.994444 0.958594 0.993056 0.957812 0.993056 0.95625 0.990278 0.955469 0.990278 0.954688 0.988889 0.953906 0.988889 0.953125 0.9875 0.952344 0.9875 0.951562 0.986111 0.950781 0.986111 0.95 0.984722 0.949219 0.984722 0.948438 0.983333 0.947656 0.983333 0.946875 0.981944 0.946094 0.981944 0.945312 0.980556 0.944531 0.980556 0.94375 0.979167 0.942969 0.979167 0.942188 0.977778 0.941406 0.977778 0.940625 0.976389 0.939844 0.976389 0.939062 0.975 0.938281 0.975 0.9375 0.973611 0.936719 0.973611 0.935938 0.972222 0.935156 0.972222 0.934375 0.970833 0.933594 0.970833 0.932812 0.969444 0.932031 0.969444 0.93125 0.968056 0.930469 0.968056 0.929688 0.966667 0.928906 0.966667 0.928125 0.965278 0.927344 0.965278 0.926562 0.963889 0.925781 0.963889 0.925 0.9625 0.924219 0.9625 0.923438 0.961111 0.922656 0.961111 0.921875 0.959722 0.921094 0.959722 0.920312 0.958333 0.919531 0.958333 0.91875 0.956944 0.917969 0.956944 0.917188 0.955556 0.916406 0.955556 0.915625 0.954167 0.914844 0.954167 0.914062 0.952778 0.913281 0.952778 0.9125 0.951389 0.911719 0.951389 0.910938 0.95 0.910156 0.95 0.909375 0.948611 0.908594 0.948611 0.907812 0.947222 0.907031 0.947222 0.90625 0.945833 0.905469 0.945833 0.904688 0.944444 0.903906 0.944444 0.903125 0.943056 0.902344 0.943056 0.901562 0.941667 0.900781 0.941667 0.9 0.940278 0.898438 0.940278 0.897656 0.938889 0.896875 0.938889 0.896094 0.9375 0.895312 0.9375 0.894531 0.936111 0.89375 0.936111 0.892969 0.934722 0.892188 0.934722 0.891406 0.933333 0.890625 0.933333 0.889844 0.931944 0.889062 0.931944 0.888281 0.930556 0.8875 0.930556 0.886719 0.929167 0.885938 0.929167 0.885156 0.927778 0.884375 0.927778 0.883594 0.926389 0.882812 0.926389 0.882031 0.925 0.88125 0.925 0.880469 0.923611 0.879688 0.923611 0.878906 0.922222 0.878125 0.922222 0.877344 0.920833 0.876562 0.920833 0.875781 0.919444 0.874219 0.919444 0.873438 0.918056 0.872656 0.918056 0.871875 0.916667 0.871094 0.916667 0.870312 0.915278 0.869531 0.915278 0.86875 0.913889 0.867969 0.913889 0.867188 0.9125 0.866406 0.9125 0.865625 0.911111 0.864844 0.911111 0.864062 0.909722 0.863281 0.909722 0.8625 0.908333 0.861719 0.908333 0.860938 0.906944 0.860156 0.906944 0.859375 0.905556 0.858594 0.905556 0.857812 0.904167 0.857031 0.904167 0.85625 0.902778 0.854688 0.902778 0.853906 0.901389 0.853125 0.901389 0.852344 0.9 0.851562 0.9 0.850781 0.898611 0.85 0.898611 0.849219 0.897222 0.848438 0.897222 0.847656 0.895833 0.846875 0.895833 0.846094 0.894444 0.845312 0.894444 0.844531 0.893056 0.842969 0.893056 0.842188 0.891667 0.841406 0.891667 0.840625 0.890278 0.839844 0.890278 0.839062 0.888889 0.8375 0.888889 0.836719 0.8875 0.835938 0.8875 0.835156 0.886111 0.834375 0.886111 0.833594 0.884722 0.832031 0.884722 0.83125 0.883333 0.830469 0.883333 0.829688 0.881944 0.828125 0.881944 0.827344 0.880556 0.826562 0.880556 0.825781 0.879167 0.824219 0.879167 0.823438 0.877778 0.822656 0.877778 0.821875 0.876389 0.820312 0.876389 0.819531 0.875 0.817969 0.875 0.817188 0.873611 0.815625 0.873611 0.814844 0.872222 0.814062 0.872222 0.813281 0.870833 0.811719 0.870833 0.810938 0.869444 0.809375 0.869444 0.808594 0.868056 0.807031 0.868056 0.80625 0.866667 0.804688 0.866667 0.803906 0.865278 0.802344 0.865278 0.801562 0.863889 0.799219 0.863889 0.798438 0.8625 0.796875 0.8625 0.796094 0.861111 0.79375 0.861111 0.792969 0.859722 0.791406 0.859722 0.790625 0.858333 0.788281 0.858333 0.7875 0.856944 0.785156 0.856944 0.784375 0.855556 0.782812 0.855556 0.782031 0.854167 0.779688 0.854167 0.778906 0.852778 0.776562 0.852778 0.775781 0.851389 0.773438 0.851389 0.772656 0.85 0.770312 0.85 0.769531 0.848611 0.767969 0.848611 0.767188 0.847222 0.764844 0.847222 0.764062 0.845833 0.761719 0.845833 0.760938 0.844444 0.758594 0.844444 0.757812 0.843056 0.754688 0.843056 0.753906 0.841667 0.750781 0.841667 0.75 0.840278 0.746094 0.840278 0.745312 0.838889 0.740625 0.838889 0.739844 0.8375 0.732031 0.8375 0.73125 0.836111 0.720312 0.836111 0.719531 0.834722 0.708594 0.834722 0.707812 0.833333 0.698438 0.833333 0.697656 0.831944 0.688281 0.831944 0.6875 0.830556 0.678906 0.830556 0.678125 0.829167 0.669531 0.829167 0.66875 0.827778 0.661719 0.827778 0.660938 0.826389 0.653125 0.826389 0.652344 0.825 0.647656 0.825 0.646875 0.823611 0.645312 0.823611 0.644531 0.822222 0.642969 0.822222 0.642188 0.820833 0.640625 0.820833 0.639844 0.819444 0.6375 0.819444 0.636719 0.818056 0.634375 0.818056 0.633594 0.816667 0.63125 0.816667 0.630469 0.815278 0.625781 0.815278 0.625 0.813889 0.615625 0.813889 0.614844 0.8125 0.605469 0.8125 0.604688 0.811111 0.59375 0.811111 0.592969 0.809722 0.58125 0.809722 0.580469 0.808333 0.567188 0.808333 0.566406 0.806944 0.551562 0.806944 0.550781 0.805556 0.533594 0.805556 0.532812 0.804167 0.514844 0.804167 0.514062 0.805556 0.513281 0.805556 0.5125 0.806944 0.510938 0.806944 0.510156 0.808333 0.504687 0.808333 0.503906 0.806944 0.49375 0.806944 0.492969 0.808333 0.489844 0.808333 0.489062 0.806944 0.486719 0.806944 0.485938 0.805556 0.485156 0.805556 0.484375 0.804167
2 0.646875 0.5 0.646094 0.501389 0.64375 0.501389 0.642969 0.502778 0.641406 0.502778 0.641406 0.504167 0.640625 0.505556 0.639844 0.504167 0.639062 0.505556 0.638281 0.505556 0.6375 0.506944 0.638281 0.505556 0.640625 0.505556 0.642188 0.502778 0.642969 0.504167 0.642969 0.505556 0.642188 0.506944 0.642969 0.505556 0.64375 0.506944 0.647656 0.506944 0.648438 0.508333 0.65 0.508333 0.651562 0.511111 0.651562 0.5125 0.653125 0.515278 0.653125 0.520833 0.652344 0.522222 0.650781 0.522222 0.650781 0.523611 0.652344 0.523611 0.653906 0.520833 0.654688 0.520833 0.655469 0.522222 0.657812 0.522222 0.658594 0.523611 0.658594 0.525 0.663281 0.525 0.664844 0.522222 0.669531 0.522222 0.670312 0.523611 0.670312 0.525 0.675 0.525 0.675 0.523611 0.677344 0.519444 0.677344 0.518056 0.676562 0.516667 0.676562 0.515278 0.675781 0.513889 0.675781 0.5125 0.676562 0.511111 0.675781 0.509722 0.673438 0.509722 0.672656 0.508333 0.667188 0.508333 0.665625 0.505556 0.664844 0.505556 0.664062 0.504167 0.663281 0.504167 0.661719 0.501389 0.659375 0.501389 0.658594 0.5
0 0.717188 0.495833 0.717188 0.497222 0.716406 0.498611 0.716406 0.504167 0.717188 0.505556 0.717188 0.508333 0.717188 0.506944 0.717969 0.505556 0.717969 0.498611 0.717188 0.497222
2 0.95 0.494444 0.949219 0.495833 0.944531 0.495833 0.94375 0.497222 0.942969 0.497222 0.941406 0.5 0.941406 0.501389 0.9375 0.508333 0.9375 0.509722 0.936719 0.511111 0.935156 0.511111 0.934375 0.5125 0.932812 0.5125 0.930469 0.516667 0.930469 0.518056 0.929688 0.519444 0.929688 0.540278 0.930469 0.541667 0.935938 0.541667 0.935938 0.540278 0.936719 0.538889 0.9375 0.538889 0.938281 0.540278 0.938281 0.544444 0.939062 0.544444 0.939844 0.545833 0.944531 0.545833 0.944531 0.544444 0.945312 0.543056 0.945312 0.540278 0.946094 0.538889 0.969531 0.538889 0.970312 0.540278 0.970312 0.541667 0.971094 0.543056 0.977344 0.543056 0.977344 0.540278 0.978125 0.538889 0.978906 0.540278 0.982031 0.540278 0.982812 0.541667 0.982812 0.547222 0.990625 0.547222 0.990625 0.544444 0.991406 0.543056 0.991406 0.536111 0.990625 0.534722 0.990625 0.530556 0.989844 0.529167 0.990625 0.527778 0.990625 0.526389 0.989844 0.525 0.989844 0.519444 0.989062 0.518056 0.989062 0.516667 0.985938 0.511111 0.985156 0.511111 0.983594 0.508333 0.983594 0.506944 0.978125 0.497222 0.978125 0.495833 0.971875 0.495833 0.971094 0.494444
0 0.654688 0.502778 0.655469 0.502778 0.65625 0.504167 0.65625 0.505556 0.65625 0.502778 0.654688 0.502778 0.654688 0.498611 0.657031 0.498611 0.65625 0.497222 0.65625 0.495833 0.655469 0.494444 0.655469 0.497222 0.654688 0.498611
2 0.651562 0.504167 0.651562 0.505556 0.652344 0.506944 0.652344 0.508333 0.652344 0.506944 0.653125 0.505556 0.653125 0.502778 0.652344 0.502778 0.651562 0.504167 0.646875 0.504167 0.646875 0.502778 0.657031 0.497222 0.657812 0.498611 0.658594 0.498611 0.659375 0.5 0.661719 0.5 0.663281 0.502778 0.6625 0.504167 0.661719 0.504167 0.660938 0.502778 0.658594 0.502778 0.658594 0.504167 0.659375 0.505556 0.659375 0.506944 0.660938 0.504167 0.661719 0.505556 0.664062 0.505556 0.664844 0.506944 0.665625 0.506944 0.666406 0.505556 0.667188 0.506944 0.66875 0.506944 0.66875 0.505556 0.667969 0.504167 0.667969 0.502778 0.667188 0.501389 0.667188 0.497222 0.666406 0.495833 0.657031 0.495833 0.657031 0.497222 0.646875 0.502778 0.645312 0.502778 0.645312 0.504167 0.646875 0.504167
2 0.617188 0.498611 0.617188 0.5 0.617969 0.498611 0.620312 0.498611
2 0.615625 0.525 0.614844 0.523611 0.615625 0.522222 0.615625 0.504167 0.614062 0.504167 0.613281 0.505556 0.6125 0.505556 0.610156 0.509722 0.610156 0.518056 0.610938 0.519444 0.611719 0.519444 0.6125 0.520833 0.6125 0.522222 0.614062 0.525 0.615625 0.525 0.617188 0.523611 0.61875 0.520833 0.623438 0.520833 0.624219 0.522222 0.624219 0.523611 0.625 0.523611 0.625781 0.525 0.627344 0.525 0.635938 0.5 0.636719 0.501389 0.638281 0.501389 0.639062 0.502778 0.639844 0.502778 0.641406 0.505556 0.642188 0.505556 0.627344 0.5 0.619531 0.5 0.623438 0.5 0.624219 0.501389 0.627344 0.501389 0.627344 0.5 0.642188 0.505556 0.64375 0.508333 0.647656 0.508333 0.648438 0.509722 0.65 0.509722 0.650781 0.511111 0.650781 0.5125 0.652344 0.515278 0.652344 0.520833 0.650781 0.520833 0.65 0.522222 0.65 0.523611 0.649219 0.525 0.647656 0.525 0.646875 0.526389 0.646094 0.525 0.645312 0.525 0.644531 0.523611 0.644531 0.522222 0.64375 0.520833 0.642188 0.520833 0.641406 0.522222 0.639062 0.522222 0.636719 0.526389 0.634375 0.526389 0.632812 0.523611 0.632812 0.522222 0.632031 0.520833 0.629688 0.520833 0.628906 0.522222 0.628906 0.523611 0.628906 0.508333 0.629688 0.509722 0.630469 0.508333 0.630469 0.504167 0.628906 0.501389 0.628906 0.5 0.635938 0.5 0.627344 0.525 0.627344 0.504167 0.622656 0.504167 0.621875 0.505556 0.621094 0.505556 0.619531 0.502778 0.61875 0.502778 0.617969 0.501389 0.617188 0.501389 0.617188 0.523611
0 0.910938 0.491667 0.910156 0.493056 0.910156 0.495833 0.909375 0.497222 0.908594 0.497222 0.908594 0.501389 0.909375 0.502778 0.908594 0.504167 0.908594 0.509722 0.909375 0.511111 0.909375 0.5125 0.910156 0.513889 0.910156 0.515278 0.909375 0.516667 0.909375 0.518056 0.908594 0.519444 0.908594 0.522222 0.910938 0.522222 0.910156 0.520833 0.910156 0.519444 0.913281 0.513889 0.913281 0.5125 0.9125 0.511111 0.9125 0.509722 0.911719 0.508333 0.911719 0.505556 0.910938 0.504167 0.910938 0.502778 0.911719 0.501389 0.911719 0.495833 0.9125 0.494444
2 0.599219 0.497222 0.599219 0.5 0.6 0.498611 0.600781 0.498611 0.601562 0.5 0.601562 0.502778 0.600781 0.504167 0.599219 0.504167 0.599219 0.508333 0.600781 0.511111 0.600781 0.5125 0.601562 0.513889 0.601562 0.518056 0.602344 0.519444 0.602344 0.520833 0.605469 0.520833 0.605469 0.519444 0.60625 0.518056 0.607031 0.519444 0.607031 0.520833 0.607812 0.522222 0.610938 0.522222 0.610938 0.520833 0.609375 0.518056 0.609375 0.509722 0.611719 0.505556 0.611719 0.504167 0.607031 0.504167 0.60625 0.505556 0.604688 0.502778 0.604688 0.5 0.605469 0.498611 0.60625 0.5 0.60625 0.501389 0.608594 0.501389 0.608594 0.5 0.609375 0.498611 0.611719 0.498611 0.613281 0.501389 0.614062 0.501389 0.6125 0.498611 0.610938 0.498611 0.610156 0.497222
0 0.624219 0.497222 0.623438 0.498611 0.624219 0.498611
2 0.638281 0.502778 0.635156 0.502778 0.635156 0.504167 0.635938 0.505556 0.6375 0.505556 0.638281 0.504167 0.639062 0.504167 0.638281 0.502778 0.636719 0.5 0.636719 0.498611 0.632031 0.498611 0.635938 0.498611 0.636719 0.5
2 0.6375 0.5 0.638281 0.5 0.639062 0.501389 0.639844 0.501389 0.640625 0.502778 0.640625 0.501389 0.641406 0.5 0.642188 0.501389 0.642969 0.501389 0.64375 0.502778 0.644531 0.502778 0.64375 0.502778 0.642969 0.501389 0.64375 0.5
2 0.599219 0.509722 0.599219 0.520833 0.599219 0.519444 0.6 0.518056 0.600781 0.518056 0.600781 0.513889 0.6 0.5125 0.6 0.511111
0 0.645312 0.495833 0.645312 0.497222 0.644531 0.498611 0.644531 0.5 0.645312 0.498611 0.646875 0.498611 0.646875 0.497222 0.646094 0.497222
0 0.960156 0.5 0.958594 0.502778 0.954688 0.502778 0.954688 0.504167 0.95625 0.506944 0.960156 0.506944 0.960156 0.505556 0.960938 0.504167 0.961719 0.504167 0.9625 0.505556 0.9625 0.504167 0.961719 0.502778 0.961719 0.501389 0.960938 0.5
0 0.091406 0.483333 0.090625 0.484722 0.089844 0.484722 0.089844 0.488889 0.090625 0.490278 0.090625 0.491667 0.088281 0.495833 0.088281 0.497222 0.085938 0.501389 0.085938 0.502778 0.084375 0.505556 0.084375 0.506944 0.085156 0.508333 0.085938 0.508333 0.0875 0.511111 0.0875 0.5125 0.085938 0.515278 0.085938 0.522222 0.086719 0.523611 0.086719 0.525 0.088281 0.527778 0.088281 0.529167 0.089062 0.530556 0.089062 0.533333 0.089844 0.534722 0.089844 0.536111 0.090625 0.5375 0.090625 0.538889 0.089844 0.540278 0.088281 0.540278 0.0875 0.541667 0.086719 0.541667 0.08125 0.551389 0.08125 0.552778 0.080469 0.554167 0.080469 0.555556 0.08125 0.555556 0.082031 0.556944 0.088281 0.556944 0.089062 0.558333 0.089844 0.556944 0.088281 0.554167 0.088281 0.551389 0.089062 0.55 0.089062 0.548611 0.090625 0.545833 0.091406 0.545833 0.09375 0.541667 0.094531 0.541667 0.095312 0.540278 0.096094 0.540278 0.097656 0.5375 0.096875 0.536111 0.096875 0.531944 0.096094 0.530556 0.096094 0.529167 0.092969 0.523611 0.092969 0.522222 0.092188 0.520833 0.092188 0.519444 0.092969 0.518056 0.09375 0.519444 0.094531 0.518056 0.095312 0.518056 0.094531 0.518056 0.09375 0.516667 0.09375 0.511111 0.094531 0.509722 0.096875 0.509722 0.097656 0.511111 0.1 0.511111 0.100781 0.5125 0.101562 0.5125 0.101562 0.511111 0.100781 0.511111 0.099219 0.508333 0.097656 0.508333 0.096875 0.506944 0.096094 0.506944 0.095312 0.505556 0.095312 0.498611 0.094531 0.497222 0.094531 0.495833 0.09375 0.494444 0.094531 0.493056 0.095312 0.493056 0.096094 0.491667 0.096094 0.488889 0.095312 0.4875 0.095312 0.486111 0.096094 0.484722 0.095312 0.483333
0 0.630469 0.502778 0.629688 0.504167 0.629688 0.508333 0.630469 0.509722 0.629688 0.508333 0.629688 0.504167 0.630469 0.502778 0.630469 0.498611 0.629688 0.497222 0.629688 0.495833 0.629688 0.498611 0.63125 0.498611 0.630469 0.498611
0 0.960938 0.505556 0.960938 0.506944 0.961719 0.505556
2 0.982812 0.504167 0.983594 0.505556 0.984375 0.505556 0.984375 0.504167 0.982812 0.504167 0.975 0.506944 0.974219 0.505556 0.975 0.504167 0.963281 0.504167 0.964062 0.505556 0.963281 0.506944 0.961719 0.506944 0.9625 0.506944 0.963281 0.505556 0.964844 0.502778 0.965625 0.501389 0.966406 0.501389 0.96875 0.5 0.969531 0.501389 0.970312 0.501389 0.969531 0.5 0.96875 0.5 0.966406 0.501389 0.965625 0.501389 0.964844 0.502778 0.963281 0.505556 0.963281 0.502778 0.963281 0.504167 0.975 0.504167 0.976562 0.506944 0.975 0.506944
0 0.85 0.493056 0.85 0.494444 0.848438 0.497222 0.848438 0.506944 0.849219 0.508333 0.849219 0.511111 0.848438 0.5125 0.848438 0.515278 0.847656 0.516667 0.847656 0.518056 0.846875 0.519444 0.846875 0.520833 0.849219 0.520833 0.848438 0.519444 0.848438 0.516667 0.85 0.513889 0.85 0.511111 0.850781 0.509722 0.851562 0.511111 0.851562 0.515278 0.850781 0.516667 0.850781 0.519444 0.853125 0.519444 0.852344 0.519444 0.851562 0.518056 0.851562 0.516667 0.852344 0.515278 0.852344 0.513889 0.853125 0.5125 0.852344 0.511111 0.852344 0.509722 0.850781 0.506944 0.850781 0.505556 0.851562 0.504167 0.852344 0.505556 0.851562 0.504167 0.851562 0.493056
81 0.617188 0.543056 0.611719 0.543056 0.610938 0.544444 0.586719 0.544444 0.585938 0.545833 0.5625 0.545833 0.561719 0.547222 0.5375 0.547222 0.536719 0.548611 0.528906 0.548611 0.528125 0.55 0.528125 0.551389 0.527344 0.552778 0.515625 0.552778 0.514844 0.551389 0.514844 0.55 0.514062 0.548611 0.513281 0.548611 0.5125 0.55 0.488281 0.55 0.4875 0.551389 0.464062 0.551389 0.463281 0.552778 0.457031 0.552778 0.457031 0.554167 0.455469 0.556944 0.442969 0.558333 0.441406 0.555556 0.441406 0.554167 0.440625 0.552778 0.439062 0.552778 0.438281 0.554167 0.414844 0.554167 0.414062 0.555556 0.389844 0.555556 0.389062 0.556944 0.365625 0.556944 0.364844 0.558333 0.340625 0.558333 0.339844 0.559722 0.316406 0.559722 0.315625 0.561111 0.292188 0.561111 0.291406 0.5625 0.267188 0.5625 0.266406 0.563889 0.242969 0.563889 0.242188 0.565278 0.217969 0.565278 0.217188 0.566667 0.19375 0.566667 0.192969 0.568056 0.16875 0.568056 0.167969 0.569444 0.144531 0.569444 0.14375 0.570833 0.119531 0.570833 0.11875 0.572222 0.095312 0.572222 0.094531 0.573611 0.070312 0.573611 0.069531 0.575 0.046094 0.575 0.045312 0.576389 0.021094 0.576389 0.020312 0.577778 0.0 0.577778 0.0 0.584722 0.021875 0.584722 0.022656 0.583333 0.04375 0.583333 0.044531 0.581944 0.065625 0.581944 0.066406 0.580556 0.088281 0.580556 0.089062 0.579167 0.110156 0.579167 0.110938 0.577778 0.132812 0.577778 0.133594 0.576389 0.154688 0.576389 0.155469 0.575 0.176562 0.575 0.177344 0.573611 0.199219 0.573611 0.2 0.572222 0.221094 0.572222 0.221875 0.570833 0.24375 0.570833 0.244531 0.569444 0.265625 0.569444 0.266406 0.568056 0.2875 0.568056 0.288281 0.566667 0.310156 0.566667 0.310938 0.565278 0.332031 0.565278 0.332812 0.563889 0.353906 0.563889 0.354688 0.5625 0.376562 0.5625 0.377344 0.561111 0.398438 0.561111 0.399219 0.559722 0.421094 0.559722 0.421875 0.558333 0.442969 0.558333 0.455469 0.556944 0.464844 0.556944 0.465625 0.555556 0.4875 0.555556 0.488281 0.554167 0.509375 0.554167 0.510156 0.552778 0.515625 0.552778 0.527344 0.552778 0.53125 0.552778 0.532031 0.551389 0.553906 0.551389 0.554688 0.55 0.575781 0.55 0.576562 0.548611 0.598438 0.548611 0.599219 0.547222 0.617969 0.547222 0.617969 0.545833 0.617188 0.544444 0.617188 0.543056 0.721875 0.519444 0.736719 0.519444 0.752344 0.520833 0.776562 0.520833 0.777344 0.522222 0.777344 0.520833 0.785156 0.520833 0.795312 0.520833 0.796094 0.522222 0.834375 0.522222 0.835156 0.523611 0.796094 0.526389 0.795312 0.526389 0.794531 0.527778 0.760938 0.527778 0.760156 0.526389 0.732812 0.526389 0.732031 0.525 0.705469 0.525 0.700781 0.536111 0.701562 0.534722 0.990625 0.523611 0.70625 0.538889 0.705469 0.540278 0.702344 0.540278 0.703125 0.540278 0.610938 0.543056 0.685938 0.516667 0.660156 0.540278 0.635938 0.540278 0.635156 0.541667 0.60625 0.541667 0.605469 0.540278 0.592969 0.540278 0.592188 0.538889 0.910938 0.520833 0.921094 0.520833 0.921875 0.522222 0.928906 0.522222 0.928906 0.519444 0.989844 0.518056 0.990625 0.519444 0.990625 0.520833 0.999219 0.520833 0.999219 0.516667 0.992188 0.516667 0.991406 0.518056 0.989844 0.518056 0.928906 0.519444 0.926562 0.519444 0.925781 0.520833 0.910938 0.520833 0.592188 0.538889 0.580469 0.538889 0.579688 0.5375 0.567969 0.5375 0.567188 0.536111 0.555469 0.536111 0.577344 0.536111 0.578125 0.534722 0.605469 0.534722 0.60625 0.533333 0.610156 0.533333 0.610938 0.531944 0.610156 0.530556 0.607812 0.530556 0.607031 0.529167 0.603125 0.529167 0.602344 0.527778 0.599219 0.527778 0.599219 0.525 0.602344 0.525 0.603125 0.526389 0.615625 0.526389 0.615625 0.530556 0.616406 0.531944 0.617188 0.530556 0.617188 0.526389 0.622656 0.526389 0.623438 0.527778 0.627344 0.527778 0.627344 0.531944 0.628125 0.533333 0.628906 0.531944 0.628906 0.527778 0.64375 0.527778 0.644531 0.529167 0.664062 0.529167 0.664844 0.530556 0.68125 0.530556 0.682031 0.531944 0.692188 0.531944 0.692969 0.533333 0.698438 0.533333 0.699219 0.534722 0.7 0.534722 0.699219 0.534722 0.698438 0.536111 0.692969 0.536111 0.692188 0.5375 0.68125 0.5375 0.680469 0.538889 0.660938 0.538889 0.660156 0.540278 0.685938 0.516667 0.721094 0.516667 0.721875 0.518056 0.735938 0.518056 0.759375 0.519444 0.758594 0.518056 0.753906 0.518056 0.775 0.518056 0.796094 0.520833 0.795312 0.519444 0.785156 0.519444 0.815625 0.519444 0.85 0.520833 0.860938 0.520833 0.861719 0.522222 0.907812 0.522222 0.835156 0.522222 0.841406 0.522222 0.842188 0.520833 0.846094 0.520833 0.846875 0.522222 0.849219 0.522222 0.909375 0.523611 0.928906 0.523611 0.921875 0.523611 0.921094 0.522222 0.911719 0.522222 0.910938 0.523611 0.909375 0.523611 0.849219 0.522222 0.85 0.520833 0.815625 0.519444 0.816406 0.520833 0.822656 0.520833 0.796094 0.520833 0.775 0.518056 0.775781 0.519444 0.777344 0.519444 0.759375 0.519444 0.735938 0.518056 0.734375 0.518056 0.733594 0.516667 0.69375 0.516667 0.692969 0.515278 0.685938 0.515278 0.685938 0.516667 0.610938 0.543056 0.60625 0.543056 0.605469 0.541667 0.592969 0.541667 0.592188 0.540278 0.580469 0.540278 0.579688 0.538889 0.567969 0.538889 0.567188 0.5375 0.555469 0.5375 0.554688 0.536111 0.546875 0.536111 0.546094 0.5375 0.542969 0.5375 0.540625 0.541667 0.5375 0.541667 0.536719 0.543056 0.533594 0.543056 0.532812 0.544444 0.53125 0.544444 0.530469 0.543056 0.529688 0.543056 0.529688 0.545833 0.528906 0.547222 0.43125 0.552778 0.428906 0.552778 0.426562 0.548611 0.425781 0.548611 0.425 0.547222 0.422656 0.547222 0.421875 0.545833 0.420312 0.545833 0.419531 0.544444 0.41875 0.544444 0.417969 0.543056 0.389844 0.543056 0.389062 0.544444 0.388281 0.543056 0.3875 0.544444 0.364844 0.544444 0.364062 0.545833 0.363281 0.544444 0.357031 0.544444 0.35625 0.545833 0.33125 0.545833 0.330469 0.547222 0.329688 0.545833 0.326562 0.545833 0.325781 0.547222 0.325 0.545833 0.324219 0.547222 0.300781 0.547222 0.3 0.548611 0.299219 0.547222 0.29375 0.547222 0.292969 0.548611 0.270312 0.548611 0.269531 0.55 0.26875 0.548611 0.267969 0.548611 0.267188 0.55 0.266406 0.548611 0.2625 0.548611 0.261719 0.55 0.233594 0.55 0.232812 0.551389 0.232031 0.551389 0.23125 0.55 0.230469 0.551389 0.210938 0.551389 0.210156 0.552778 0.209375 0.551389 0.202344 0.551389 0.201562 0.552778 0.200781 0.551389 0.199219 0.551389 0.198438 0.552778 0.175781 0.552778 0.175 0.554167 0.174219 0.552778 0.169531 0.552778 0.16875 0.554167 0.167969 0.554167 0.167188 0.552778 0.166406 0.554167 0.147656 0.554167 0.146875 0.555556 0.146094 0.554167 0.144531 0.554167 0.14375 0.555556 0.142969 0.554167 0.141406 0.554167 0.140625 0.555556 0.139844 0.554167 0.138281 0.554167 0.1375 0.555556 0.136719 0.554167 0.135156 0.554167 0.134375 0.555556 0.115625 0.555556 0.114844 0.556944 0.114062 0.555556 0.108594 0.555556 0.107812 0.556944 0.107031 0.555556 0.105469 0.555556 0.104688 0.556944 0.103906 0.555556 0.103125 0.556944 0.090625 0.556944 0.089062 0.559722 0.088281 0.558333 0.082031 0.558333 0.08125 0.556944 0.080469 0.556944 0.079688 0.558333 0.078906 0.556944 0.073438 0.556944 0.072656 0.558333 0.071875 0.556944 0.071094 0.558333 0.052344 0.558333 0.051562 0.559722 0.050781 0.558333 0.048438 0.558333 0.047656 0.559722 0.046875 0.558333 0.044531 0.558333 0.04375 0.559722 0.042969 0.558333 0.041406 0.558333 0.040625 0.559722 0.022656 0.559722 0.021875 0.561111 0.021094 0.559722 0.01875 0.559722 0.017969 0.561111 0.016406 0.561111 0.015625 0.559722 0.014844 0.561111 0.014062 0.561111 0.013281 0.559722 0.0125 0.561111 0.011719 0.559722 0.010156 0.559722 0.009375 0.561111 0.0 0.561111 0.0 0.576389 0.020312 0.576389 0.021094 0.575 0.045312 0.575 0.046094 0.573611 0.069531 0.573611 0.070312 0.572222 0.094531 0.572222 0.095312 0.570833 0.11875 0.570833 0.119531 0.569444 0.14375 0.569444 0.144531 0.568056 0.167969 0.568056 0.16875 0.566667 0.192969 0.566667 0.19375 0.565278 0.217188 0.565278 0.217969 0.563889 0.242188 0.563889 0.242969 0.5625 0.266406 0.5625 0.267188 0.561111 0.291406 0.561111 0.292188 0.559722 0.315625 0.559722 0.316406 0.558333 0.339844 0.558333 0.340625 0.556944 0.364844 0.556944 0.365625 0.555556 0.389062 0.555556 0.389844 0.554167 0.414062 0.554167 0.414844 0.552778 0.43125 0.552778 0.504687 0.548611 0.5125 0.548611 0.513281 0.547222 0.514062 0.547222 0.513281 0.545833 0.507812 0.545833 0.50625 0.548611 0.504687 0.548611 0.500781 0.548611 0.498438 0.548611 0.497656 0.547222 0.485938 0.547222 0.485156 0.548611 0.469531 0.548611 0.46875 0.55 0.460156 0.55 0.459375 0.548611 0.457812 0.548611 0.457812 0.551389 0.440625 0.551389 0.439844 0.55 0.439062 0.551389 0.4375 0.551389 0.436719 0.552778 0.435156 0.552778 0.438281 0.552778 0.439062 0.551389 0.440625 0.551389 0.457812 0.551389 0.463281 0.551389 0.464062 0.55 0.4875 0.55 0.488281 0.548611 0.500781 0.548611 0.504687 0.548611 0.43125 0.552778 0.528906 0.547222 0.536719 0.547222 0.5375 0.545833 0.561719 0.545833 0.5625 0.544444 0.585938 0.544444 0.586719 0.543056 0.610938 0.543056 0.703125 0.540278 0.703906 0.538889 0.703906 0.5375 0.707031 0.5375 0.707812 0.538889 0.708594 0.538889 0.70625 0.538889 0.990625 0.523611 0.999219 0.523611 0.999219 0.522222 0.990625 0.522222 0.990625 0.523611 0.701562 0.534722 0.702344 0.534722 0.703125 0.536111 0.703125 0.538889 0.702344 0.538889 0.701562 0.540278 0.696875 0.540278 0.696094 0.541667 0.685938 0.541667 0.685156 0.543056 0.665625 0.543056 0.664844 0.544444 0.642969 0.544444 0.642188 0.545833 0.621094 0.545833 0.620312 0.547222 0.61875 0.547222 0.61875 0.545833 0.617969 0.544444 0.617969 0.543056 0.635156 0.543056 0.635938 0.541667 0.660156 0.541667 0.660938 0.540278 0.68125 0.540278 0.682031 0.538889 0.692969 0.538889 0.69375 0.5375 0.698438 0.5375 0.699219 0.536111 0.700781 0.536111 0.705469 0.525 0.704688 0.523611 0.678125 0.523611 0.677344 0.522222 0.676562 0.522222 0.675781 0.523611 0.685938 0.523611 0.686719 0.525 0.721094 0.525 0.721875 0.526389 0.750781 0.526389 0.751562 0.527778 0.796875 0.527778 0.796094 0.526389 0.835156 0.523611 0.907812 0.523611 0.908594 0.525 0.928906 0.525 0.866406 0.525 0.865625 0.523611 0.815625 0.523611 0.814844 0.522222 0.785156 0.522222 0.785156 0.520833 0.777344 0.520833 0.759375 0.520833 0.758594 0.519444 0.753906 0.519444 0.753125 0.520833 0.752344 0.520833 0.736719 0.519444 0.710156 0.519444 0.709375 0.518056 0.685156 0.518056 0.721094 0.518056 0.721875 0.519444
80 0.95625 0.566667 0.942969 0.566667 0.942188 0.565278 0.928906 0.565278 0.928125 0.563889 0.914844 0.563889 0.914062 0.5625 0.900781 0.5625 0.9 0.561111 0.889062 0.561111 0.888281 0.559722 0.879688 0.559722 0.878906 0.558333 0.878125 0.558333 0.877344 0.559722 0.871094 0.559722 0.870312 0.558333 0.867188 0.558333 0.866406 0.556944 0.854688 0.556944 0.853906 0.555556 0.842188 0.555556 0.841406 0.554167 0.828906 0.554167 0.828125 0.552778 0.816406 0.552778 0.815625 0.551389 0.803906 0.551389 0.803125 0.55 0.790625 0.55 0.789844 0.548611 0.775 0.548611 0.774219 0.547222 0.760156 0.547222 0.759375 0.545833 0.745312 0.545833 0.744531 0.544444 0.727344 0.544444 0.726562 0.545833 0.724219 0.545833 0.723438 0.544444 0.720312 0.544444 0.719531 0.543056 0.699219 0.543056 0.698438 0.541667 0.697656 0.543056 0.685938 0.543056 0.685156 0.544444 0.665625 0.544444 0.664844 0.545833 0.642969 0.545833 0.642188 0.547222 0.621094 0.547222 0.620312 0.548611 0.599219 0.548611 0.598438 0.55 0.576562 0.55 0.575781 0.551389 0.554688 0.551389 0.553906 0.552778 0.532031 0.552778 0.53125 0.554167 0.526562 0.554167 0.525781 0.555556 0.525 0.555556 0.524219 0.556944 0.519531 0.556944 0.51875 0.555556 0.517969 0.555556 0.517188 0.554167 0.510156 0.554167 0.509375 0.555556 0.488281 0.555556 0.4875 0.556944 0.465625 0.556944 0.464844 0.558333 0.454688 0.558333 0.453906 0.559722 0.453125 0.559722 0.452344 0.561111 0.445312 0.561111 0.44375 0.558333 0.442969 0.559722 0.421875 0.559722 0.421094 0.561111 0.399219 0.561111 0.398438 0.5625 0.377344 0.5625 0.376562 0.563889 0.354688 0.563889 0.353906 0.565278 0.332812 0.565278 0.332031 0.566667 0.310938 0.566667 0.310156 0.568056 0.288281 0.568056 0.2875 0.569444 0.266406 0.569444 0.265625 0.570833 0.244531 0.570833 0.24375 0.572222 0.221875 0.572222 0.221094 0.573611 0.2 0.573611 0.199219 0.575 0.177344 0.575 0.176562 0.576389 0.155469 0.576389 0.154688 0.577778 0.133594 0.577778 0.132812 0.579167 0.110938 0.579167 0.110156 0.580556 0.089062 0.580556 0.088281 0.581944 0.066406 0.581944 0.065625 0.583333 0.044531 0.583333 0.04375 0.584722 0.022656 0.584722 0.021875 0.586111 0.0 0.586111 0.0 0.651389 0.005469 0.651389 0.00625 0.65 0.017969 0.65 0.01875 0.648611 0.029688 0.648611 0.030469 0.647222 0.042188 0.647222 0.042969 0.645833 0.054688 0.645833 0.055469 0.644444 0.067188 0.644444 0.067969 0.643056 0.079688 0.643056 0.080469 0.641667 0.092188 0.641667 0.092969 0.640278 0.104688 0.640278 0.105469 0.638889 0.116406 0.638889 0.117188 0.6375 0.128906 0.6375 0.129688 0.636111 0.141406 0.636111 0.142188 0.634722 0.153906 0.634722 0.154688 0.636111 0.153906 0.6375 0.142969 0.6375 0.142188 0.638889 0.130469 0.638889 0.129688 0.640278 0.117969 0.640278 0.117188 0.641667 0.10625 0.641667 0.105469 0.643056 0.09375 0.643056 0.092969 0.644444 0.082031 0.644444 0.08125 0.645833 0.069531 0.645833 0.06875 0.647222 0.057031 0.647222 0.05625 0.648611 0.045312 0.648611 0.044531 0.65 0.032812 0.65 0.032031 0.651389 0.021094 0.651389 0.020312 0.652778 0.008594 0.652778 0.007812 0.654167 0.0 0.654167 0.010156 0.654167 0.010938 0.652778 0.021875 0.652778 0.022656 0.651389 0.034375 0.651389 0.035156 0.65 0.046875 0.65 0.047656 0.648611 0.058594 0.648611 0.059375 0.647222 0.070312 0.647222 0.071094 0.645833 0.082812 0.645833 0.083594 0.644444 0.094531 0.644444 0.095312 0.643056 0.10625 0.643056 0.107031 0.641667 0.11875 0.641667 0.119531 0.640278 0.13125 0.640278 0.132031 0.638889 0.142969 0.638889 0.14375 0.6375 0.154688 0.6375 0.155469 0.636111 0.167188 0.636111 0.167969 0.634722 0.178906 0.634722 0.179688 0.633333 0.191406 0.633333 0.192188 0.631944 0.203125 0.631944 0.203906 0.630556 0.215625 0.630556 0.216406 0.631944 0.215625 0.633333 0.204688 0.633333 0.203906 0.634722 0.192969 0.634722 0.192188 0.636111 0.18125 0.636111 0.180469 0.6375 0.169531 0.6375 0.16875 0.638889 0.157031 0.638889 0.15625 0.640278 0.145312 0.640278 0.144531 0.641667 0.132812 0.641667 0.132031 0.643056 0.121094 0.643056 0.120312 0.644444 0.109375 0.644444 0.108594 0.645833 0.097656 0.645833 0.096875 0.647222 0.085156 0.647222 0.084375 0.648611 0.073438 0.648611 0.072656 0.65 0.061719 0.65 0.060938 0.651389 0.049219 0.651389 0.048438 0.652778 0.0375 0.652778 0.036719 0.654167 0.025781 0.654167 0.025 0.655556 0.014062 0.655556 0.013281 0.656944 0.002344 0.656944 0.001562 0.658333 0.0 0.658333 0.0 0.725 0.003125 0.725 0.003906 0.723611 0.011719 0.723611 0.0125 0.722222 0.020312 0.722222 0.021094 0.720833 0.029688 0.720833 0.030469 0.719444 0.038281 0.719444 0.039062 0.718056 0.046875 0.718056 0.047656 0.716667 0.055469 0.716667 0.05625 0.715278 0.064062 0.715278 0.064844 0.713889 0.072656 0.713889 0.073438 0.7125 0.08125 0.7125 0.082031 0.711111 0.089844 0.711111 0.090625 0.709722 0.098438 0.709722 0.099219 0.708333 0.107812 0.708333 0.108594 0.706944 0.116406 0.706944 0.117188 0.705556 0.125 0.705556 0.125781 0.704167 0.132812 0.704167 0.133594 0.702778 0.141406 0.702778 0.142188 0.701389 0.150781 0.701389 0.151562 0.7 0.159375 0.7 0.160156 0.698611 0.167969 0.698611 0.16875 0.697222 0.176562 0.697222 0.177344 0.695833 0.185156 0.695833 0.185938 0.694444 0.19375 0.694444 0.194531 0.693056 0.202344 0.693056 0.203125 0.691667 0.210938 0.691667 0.211719 0.690278 0.219531 0.690278 0.220312 0.688889 0.228125 0.688889 0.228906 0.6875 0.236719 0.6875 0.2375 0.686111 0.245312 0.686111 0.246094 0.684722 0.253906 0.684722 0.254688 0.683333 0.2625 0.683333 0.263281 0.681944 0.271094 0.681944 0.271875 0.680556 0.278906 0.680556 0.279688 0.679167 0.2875 0.679167 0.288281 0.677778 0.295312 0.677778 0.296094 0.676389 0.303906 0.676389 0.304688 0.675 0.311719 0.675 0.3125 0.673611 0.320312 0.673611 0.321094 0.672222 0.328906 0.672222 0.329688 0.670833 0.3375 0.670833 0.338281 0.669444 0.345312 0.669444 0.346094 0.668056 0.353906 0.668056 0.354688 0.666667 0.361719 0.666667 0.3625 0.665278 0.370312 0.665278 0.371094 0.663889 0.378125 0.663889 0.378906 0.6625 0.386719 0.6625 0.3875 0.661111 0.395312 0.661111 0.396094 0.659722 0.403125 0.659722 0.403906 0.658333 0.411719 0.658333 0.4125 0.656944 0.420312 0.656944 0.421094 0.655556 0.428125 0.655556 0.428906 0.654167 0.436719 0.654167 0.4375 0.652778 0.445312 0.652778 0.446094 0.651389 0.453125 0.651389 0.453906 0.65 0.461719 0.65 0.4625 0.648611 0.470312 0.648611 0.471094 0.647222 0.478125 0.647222 0.478906 0.645833 0.4875 0.645833 0.488281 0.647222 0.4875 0.648611 0.485156 0.648611 0.484375 0.65 0.477344 0.65 0.476562 0.651389 0.46875 0.651389 0.467969 0.652778 0.460156 0.652778 0.459375 0.654167 0.452344 0.654167 0.451562 0.655556 0.444531 0.655556 0.44375 0.656944 0.435938 0.656944 0.435156 0.658333 0.428125 0.658333 0.427344 0.659722 0.419531 0.659722 0.41875 0.661111 0.411719 0.661111 0.410938 0.6625 0.403906 0.6625 0.403125 0.663889 0.395312 0.663889 0.394531 0.665278 0.386719 0.665278 0.385938 0.666667 0.378906 0.666667 0.378125 0.668056 0.371094 0.668056 0.370312 0.669444 0.3625 0.669444 0.361719 0.670833 0.354688 0.670833 0.353906 0.672222 0.346094 0.672222 0.345312 0.673611 0.338281 0.673611 0.3375 0.675 0.329688 0.675 0.328906 0.676389 0.321875 0.676389 0.321094 0.677778 0.314062 0.677778 0.313281 0.679167 0.305469 0.679167 0.304688 0.680556 0.297656 0.680556 0.296875 0.681944 0.289844 0.681944 0.289062 0.683333 0.28125 0.683333 0.280469 0.684722 0.272656 0.684722 0.271875 0.686111 0.264844 0.686111 0.264062 0.6875 0.25625 0.6875 0.255469 0.688889 0.248438 0.688889 0.247656 0.690278 0.239844 0.690278 0.239062 0.691667 0.23125 0.691667 0.230469 0.693056 0.222656 0.693056 0.221875 0.694444 0.214844 0.694444 0.214062 0.695833 0.20625 0.695833 0.205469 0.697222 0.197656 0.697222 0.196875 0.698611 0.189062 0.698611 0.188281 0.7 0.180469 0.7 0.179688 0.701389 0.171875 0.701389 0.171094 0.702778 0.163281 0.702778 0.1625 0.704167 0.154688 0.704167 0.153906 0.705556 0.146094 0.705556 0.145312 0.706944 0.1375 0.706944 0.136719 0.708333 0.129688 0.708333 0.128906 0.709722 0.121094 0.709722 0.120312 0.711111 0.1125 0.711111 0.111719 0.7125 0.103906 0.7125 0.103125 0.713889 0.095312 0.713889 0.094531 0.715278 0.086719 0.715278 0.085938 0.716667 0.078125 0.716667 0.077344 0.718056 0.069531 0.718056 0.06875 0.719444 0.060938 0.719444 0.060156 0.720833 0.052344 0.720833 0.051562 0.722222 0.04375 0.722222 0.042969 0.723611 0.035156 0.723611 0.034375 0.725 0.026562 0.725 0.025781 0.726389 0.017969 0.726389 0.017188 0.727778 0.010156 0.727778 0.009375 0.729167 0.001562 0.729167 0.000781 0.730556 0.0 0.730556 0.0 0.998611 0.033594 0.998611 0.034375 0.997222 0.035156 0.997222 0.035938 0.995833 0.036719 0.995833 0.0375 0.994444 0.038281 0.994444 0.039844 0.991667 0.040625 0.991667 0.041406 0.990278 0.042188 0.990278 0.042969 0.988889 0.04375 0.988889 0.044531 0.9875 0.045312 0.9875 0.046094 0.986111 0.046875 0.986111 0.047656 0.984722 0.048438 0.984722 0.049219 0.983333 0.05 0.983333 0.050781 0.981944 0.051562 0.981944 0.052344 0.980556 0.053125 0.980556 0.053906 0.979167 0.054688 0.979167 0.055469 0.977778 0.05625 0.977778 0.057031 0.976389 0.057812 0.976389 0.058594 0.975 0.059375 0.975 0.060156 0.973611 0.060938 0.973611 0.061719 0.972222 0.0625 0.972222 0.063281 0.970833 0.064062 0.970833 0.064844 0.969444 0.065625 0.969444 0.066406 0.968056 0.067188 0.968056 0.067969 0.966667 0.06875 0.966667 0.069531 0.965278 0.070312 0.965278 0.071094 0.963889 0.071875 0.963889 0.072656 0.9625 0.073438 0.9625 0.074219 0.961111 0.075 0.961111 0.075781 0.959722 0.076562 0.959722 0.077344 0.958333 0.078125 0.958333 0.078906 0.956944 0.079688 0.956944 0.080469 0.955556 0.08125 0.955556 0.082031 0.954167 0.082812 0.954167 0.083594 0.952778 0.084375 0.952778 0.085156 0.951389 0.085938 0.951389 0.086719 0.95 0.0875 0.95 0.088281 0.948611 0.089062 0.948611 0.089844 0.947222 0.090625 0.947222 0.091406 0.945833 0.092188 0.945833 0.092969 0.944444 0.09375 0.944444 0.094531 0.943056 0.095312 0.943056 0.096094 0.941667 0.096875 0.941667 0.097656 0.940278 0.098438 0.940278 0.099219 0.938889 0.100781 0.938889 0.101562 0.9375 0.102344 0.9375 0.103125 0.936111 0.103906 0.936111 0.104688 0.934722 0.105469 0.934722 0.10625 0.933333 0.107031 0.933333 0.107812 0.931944 0.108594 0.931944 0.109375 0.930556 0.110156 0.930556 0.110938 0.929167 0.111719 0.929167 0.1125 0.927778 0.113281 0.927778 0.114062 0.926389 0.114844 0.926389 0.115625 0.925 0.116406 0.925 0.117188 0.923611 0.117969 0.923611 0.11875 0.922222 0.119531 0.922222 0.120312 0.920833 0.121094 0.920833 0.121875 0.919444 0.122656 0.919444 0.123438 0.918056 0.124219 0.918056 0.125 0.916667 0.126562 0.916667 0.127344 0.915278 0.128125 0.915278 0.128906 0.913889 0.129688 0.913889 0.130469 0.9125 0.13125 0.9125 0.132031 0.911111 0.132812 0.911111 0.133594 0.909722 0.134375 0.909722 0.135156 0.908333 0.135938 0.908333 0.136719 0.906944 0.1375 0.906944 0.138281 0.905556 0.139062 0.905556 0.139844 0.904167 0.140625 0.904167 0.141406 0.902778 0.142188 0.902778 0.142969 0.901389 0.144531 0.901389 0.145312 0.9 0.146094 0.9 0.146875 0.898611 0.147656 0.898611 0.148438 0.897222 0.149219 0.897222 0.15 0.895833 0.150781 0.895833 0.151562 0.894444 0.152344 0.894444 0.153125 0.893056 0.153906 0.893056 0.154688 0.891667 0.15625 0.891667 0.157031 0.890278 0.157812 0.890278 0.158594 0.888889 0.159375 0.888889 0.160156 0.8875 0.161719 0.8875 0.1625 0.886111 0.163281 0.886111 0.164062 0.884722 0.164844 0.884722 0.165625 0.883333 0.167188 0.883333 0.167969 0.881944 0.16875 0.881944 0.169531 0.880556 0.171094 0.880556 0.171875 0.879167 0.172656 0.879167 0.173438 0.877778 0.175 0.877778 0.175781 0.876389 0.176562 0.876389 0.177344 0.875 0.178906 0.875 0.179688 0.873611 0.18125 0.873611 0.182031 0.872222 0.183594 0.872222 0.184375 0.870833 0.185156 0.870833 0.185938 0.869444 0.1875 0.869444 0.188281 0.868056 0.189844 0.868056 0.190625 0.866667 0.192188 0.866667 0.192969 0.865278 0.194531 0.865278 0.195312 0.863889 0.196875 0.863889 0.197656 0.8625 0.2 0.8625 0.200781 0.861111 0.202344 0.861111 0.203125 0.859722 0.205469 0.859722 0.20625 0.858333 0.207812 0.858333 0.208594 0.856944 0.210938 0.856944 0.211719 0.855556 0.214062 0.855556 0.214844 0.854167 0.216406 0.854167 0.217188 0.852778 0.219531 0.852778 0.220312 0.851389 0.222656 0.851389 0.223438 0.85 0.225781 0.85 0.226562 0.848611 0.228906 0.848611 0.229688 0.847222 0.232031 0.847222 0.232812 0.845833 0.235156 0.845833 0.235938 0.844444 0.238281 0.844444 0.239062 0.843056 0.241406 0.843056 0.242188 0.841667 0.24375 0.841667 0.244531 0.840278 0.247656 0.840278 0.248438 0.838889 0.253125 0.838889 0.253906 0.8375 0.258594 0.8375 0.259375 0.836111 0.267188 0.836111 0.267969 0.834722 0.278906 0.834722 0.279688 0.833333 0.289844 0.833333 0.290625 0.831944 0.3 0.831944 0.300781 0.830556 0.310938 0.830556 0.311719 0.829167 0.320312 0.829167 0.321094 0.827778 0.329688 0.827778 0.330469 0.826389 0.338281 0.826389 0.339062 0.825 0.346875 0.825 0.347656 0.823611 0.352344 0.823611 0.353125 0.822222 0.353906 0.822222 0.354688 0.820833 0.35625 0.820833 0.357031 0.819444 0.358594 0.819444 0.359375 0.818056 0.360938 0.818056 0.361719 0.816667 0.364844 0.816667 0.365625 0.815278 0.367969 0.815278 0.36875 0.813889 0.373438 0.813889 0.374219 0.8125 0.383594 0.8125 0.384375 0.811111 0.39375 0.811111 0.394531 0.809722 0.405469 0.809722 0.40625 0.808333 0.417969 0.808333 0.41875 0.806944 0.43125 0.806944 0.432031 0.805556 0.448438 0.805556 0.449219 0.804167 0.467188 0.804167 0.467969 0.802778 0.484375 0.802778 0.485156 0.804167 0.485938 0.804167 0.486719 0.805556 0.489062 0.805556 0.489844 0.806944 0.492969 0.806944 0.49375 0.805556 0.503906 0.805556 0.504687 0.806944 0.510156 0.806944 0.510938 0.805556 0.5125 0.805556 0.513281 0.804167 0.514062 0.804167 0.514844 0.802778 0.532812 0.802778 0.533594 0.804167 0.550781 0.804167 0.551562 0.805556 0.566406 0.805556 0.567188 0.806944 0.580469 0.806944 0.58125 0.808333 0.592969 0.808333 0.59375 0.809722 0.604688 0.809722 0.605469 0.811111 0.614844 0.811111 0.615625 0.8125 0.625 0.8125 0.625781 0.813889 0.630469 0.813889 0.63125 0.815278 0.633594 0.815278 0.634375 0.816667 0.636719 0.816667 0.6375 0.818056 0.639844 0.818056 0.640625 0.819444 0.642188 0.819444 0.642969 0.820833 0.644531 0.820833 0.645312 0.822222 0.646875 0.822222 0.647656 0.823611 0.652344 0.823611 0.653125 0.825 0.660938 0.825 0.661719 0.826389 0.66875 0.826389 0.669531 0.827778 0.678125 0.827778 0.678906 0.829167 0.6875 0.829167 0.688281 0.830556 0.697656 0.830556 0.698438 0.831944 0.707812 0.831944 0.708594 0.833333 0.719531 0.833333 0.720312 0.834722 0.73125 0.834722 0.732031 0.836111 0.739844 0.836111 0.740625 0.8375 0.745312 0.8375 0.746094 0.838889 0.75 0.838889 0.750781 0.840278 0.753906 0.840278 0.754688 0.841667 0.757812 0.841667 0.758594 0.843056 0.760938 0.843056 0.761719 0.844444 0.764062 0.844444 0.764844 0.845833 0.767188 0.845833 0.767969 0.847222 0.769531 0.847222 0.770312 0.848611 0.772656 0.848611 0.773438 0.85 0.775781 0.85 0.776562 0.851389 0.778906 0.851389 0.779688 0.852778 0.782031 0.852778 0.782812 0.854167 0.784375 0.854167 0.785156 0.855556 0.7875 0.855556 0.788281 0.856944 0.790625 0.856944 0.791406 0.858333 0.792969 0.858333 0.79375 0.859722 0.795312 0.859722 0.79375 0.856944 0.79375 0.855556 0.792188 0.852778 0.792188 0.851389 0.791406 0.85 0.791406 0.848611 0.789844 0.845833 0.789844 0.844444 0.788281 0.841667 0.788281 0.840278 0.786719 0.8375 0.786719 0.836111 0.785156 0.833333 0.785156 0.831944 0.783594 0.829167 0.783594 0.827778 0.782812 0.826389 0.782812 0.823611 0.782031 0.822222 0.782031 0.820833 0.78125 0.819444 0.78125 0.816667 0.780469 0.815278 0.780469 0.813889 0.779688 0.8125 0.779688 0.809722 0.778906 0.808333 0.778906 0.806944 0.778125 0.805556 0.778125 0.802778 0.777344 0.801389 0.777344 0.8 0.776562 0.798611 0.776562 0.795833 0.775781 0.794444 0.775781 0.793056 0.775 0.791667 0.775 0.788889 0.774219 0.7875 0.774219 0.786111 0.773438 0.784722 0.773438 0.770833 0.772656 0.769444 0.772656 0.755556 0.771875 0.754167 0.771875 0.752778 0.772656 0.751389 0.772656 0.747222 0.773438 0.745833 0.773438 0.743056 0.774219 0.741667 0.774219 0.7375 0.775 0.736111 0.775 0.733333 0.775781 0.731944 0.775781 0.729167 0.776562 0.727778 0.776562 0.726389 0.778906 0.722222 0.778906 0.720833 0.78125 0.716667 0.78125 0.715278 0.783594 0.711111 0.783594 0.709722 0.785156 0.706944 0.785938 0.706944 0.788281 0.702778 0.789062 0.702778 0.791406 0.698611 0.792188 0.698611 0.794531 0.694444 0.795312 0.694444 0.796875 0.691667 0.798438 0.691667 0.799219 0.690278 0.8 0.690278 0.800781 0.688889 0.801562 0.688889 0.802344 0.6875 0.803125 0.6875 0.803906 0.686111 0.804688 0.686111 0.805469 0.684722 0.80625 0.684722 0.807031 0.683333 0.807812 0.683333 0.808594 0.681944 0.809375 0.681944 0.810156 0.680556 0.811719 0.680556 0.8125 0.679167 0.814062 0.679167 0.814844 0.677778 0.816406 0.677778 0.817188 0.676389 0.81875 0.676389 0.819531 0.675 0.821094 0.675 0.821875 0.673611 0.823438 0.673611 0.822656 0.672222 0.821094 0.672222 0.820312 0.670833 0.821094 0.669444 0.825 0.669444 0.825781 0.668056 0.830469 0.668056 0.83125 0.666667 0.835156 0.666667 0.835938 0.665278 0.839844 0.665278 0.840625 0.663889 0.845312 0.663889 0.846094 0.6625 0.85 0.6625 0.850781 0.661111 0.854688 0.661111 0.855469 0.659722 0.860156 0.659722 0.860938 0.658333 0.864844 0.658333 0.865625 0.656944 0.869531 0.656944 0.870312 0.655556 0.874219 0.655556 0.875 0.654167 0.879688 0.654167 0.880469 0.652778 0.884375 0.652778 0.885156 0.651389 0.889062 0.651389 0.889844 0.65 0.89375 0.65 0.894531 0.648611 0.899219 0.648611 0.9 0.647222 0.903906 0.647222 0.904688 0.645833 0.908594 0.645833 0.909375 0.644444 0.913281 0.644444 0.914062 0.643056 0.91875 0.643056 0.919531 0.641667 0.923438 0.641667 0.924219 0.640278 0.928125 0.640278 0.928906 0.638889 0.932812 0.638889 0.933594 0.6375 0.9375 0.6375 0.938281 0.636111 0.942188 0.636111 0.942969 0.634722 0.946875 0.634722 0.947656 0.633333 0.951562 0.633333 0.952344 0.631944 0.957031 0.631944 0.957812 0.630556 0.961719 0.630556 0.9625 0.629167 0.966406 0.629167 0.967188 0.627778 0.971094 0.627778 0.971875 0.626389 0.975781 0.626389 0.976562 0.625 0.980469 0.625 0.98125 0.623611 0.985156 0.623611 0.985938 0.622222 0.989844 0.622222 0.990625 0.620833 0.995312 0.620833 0.997656 0.623611 0.996875 0.625 0.992969 0.625 0.992188 0.626389 0.988281 0.626389 0.9875 0.627778 0.983594 0.627778 0.982812 0.629167 0.978906 0.629167 0.978125 0.630556 0.974219 0.630556 0.973438 0.631944 0.969531 0.631944 0.96875 0.633333 0.965625 0.633333 0.964844 0.634722 0.960938 0.634722 0.960156 0.636111 0.95625 0.636111 0.955469 0.6375 0.951562 0.6375 0.950781 0.638889 0.946875 0.638889 0.946094 0.640278 0.942188 0.640278 0.941406 0.641667 0.9375 0.641667 0.936719 0.643056 0.932812 0.643056 0.932031 0.644444 0.928125 0.644444 0.927344 0.645833 0.923438 0.645833 0.922656 0.647222 0.91875 0.647222 0.917969 0.648611 0.914062 0.648611 0.913281 0.65 0.909375 0.65 0.908594 0.651389 0.904688 0.651389 0.903906 0.652778 0.9 0.652778 0.899219 0.654167 0.895312 0.654167 0.894531 0.655556 0.890625 0.655556 0.889844 0.656944 0.885938 0.656944 0.885156 0.658333 0.88125 0.658333 0.880469 0.659722 0.876562 0.659722 0.875781 0.661111 0.871875 0.661111 0.871094 0.6625 0.867188 0.6625 0.866406 0.663889 0.863281 0.663889 0.8625 0.665278 0.859375 0.665278 0.858594 0.666667 0.854688 0.666667 0.853906 0.668056 0.850781 0.668056 0.85 0.669444 0.847656 0.669444 0.846875 0.670833 0.844531 0.670833 0.84375 0.672222 0.841406 0.672222 0.840625 0.673611 0.838281 0.673611 0.8375 0.675 0.835938 0.675 0.835156 0.676389 0.832812 0.676389 0.832031 0.677778 0.830469 0.677778 0.829688 0.679167 0.828125 0.679167 0.827344 0.680556 0.826562 0.680556 0.825781 0.681944 0.824219 0.681944 0.823438 0.683333 0.821875 0.683333 0.821094 0.684722 0.819531 0.684722 0.81875 0.686111 0.817969 0.686111 0.817188 0.6875 0.816406 0.6875 0.815625 0.688889 0.814844 0.688889 0.813281 0.691667 0.8125 0.691667 0.811719 0.693056 0.810938 0.693056 0.810156 0.694444 0.809375 0.694444 0.808594 0.695833 0.807812 0.695833 0.807031 0.697222 0.80625 0.697222 0.803125 0.702778 0.802344 0.702778 0.798438 0.709722 0.797656 0.709722 0.796094 0.7125 0.796094 0.713889 0.794531 0.716667 0.794531 0.718056 0.792969 0.720833 0.792969 0.722222 0.791406 0.725 0.791406 0.726389 0.789844 0.729167 0.789844 0.730556 0.789062 0.731944 0.789062 0.7375 0.788281 0.738889 0.788281 0.744444 0.7875 0.745833 0.7875 0.752778 0.786719 0.754167 0.786719 0.756944 0.7875 0.758333 0.7875 0.765278 0.788281 0.766667 0.788281 0.772222 0.789062 0.773611 0.789062 0.780556 0.789844 0.781944 0.789844 0.7875 0.790625 0.788889 0.790625 0.790278 0.791406 0.791667 0.791406 0.793056 0.792188 0.794444 0.792188 0.795833 0.792969 0.797222 0.792969 0.798611 0.79375 0.8 0.79375 0.801389 0.794531 0.802778 0.794531 0.804167 0.795312 0.805556 0.795312 0.806944 0.796094 0.808333 0.796094 0.809722 0.796875 0.811111 0.796875 0.8125 0.797656 0.813889 0.797656 0.816667 0.798438 0.818056 0.798438 0.819444 0.799219 0.820833 0.799219 0.822222 0.8 0.823611 0.8 0.825 0.800781 0.826389 0.800781 0.827778 0.801562 0.829167 0.801562 0.830556 0.803125 0.833333 0.803125 0.834722 0.805469 0.838889 0.805469 0.840278 0.807812 0.844444 0.807812 0.845833 0.809375 0.848611 0.809375 0.85 0.811719 0.854167 0.811719 0.855556 0.814062 0.859722 0.814062 0.861111 0.816406 0.865278 0.816406 0.866667 0.81875 0.870833 0.81875 0.872222 0.820312 0.875 0.821875 0.875 0.822656 0.876389 0.823438 0.876389 0.824219 0.877778 0.825781 0.877778 0.826562 0.879167 0.827344 0.879167 0.828125 0.880556 0.829688 0.880556 0.830469 0.881944 0.83125 0.881944 0.832031 0.883333 0.833594 0.883333 0.834375 0.884722 0.835156 0.884722 0.835938 0.886111 0.836719 0.886111 0.8375 0.8875 0.839062 0.8875 0.839844 0.888889 0.840625 0.888889 0.841406 0.890278 0.842188 0.890278 0.842969 0.891667 0.844531 0.891667 0.845312 0.893056 0.846094 0.893056 0.846875 0.894444 0.847656 0.894444 0.848438 0.895833 0.849219 0.895833 0.85 0.897222 0.850781 0.897222 0.851562 0.898611 0.852344 0.898611 0.853125 0.9 0.853906 0.9 0.854688 0.901389 0.85625 0.901389 0.857031 0.902778 0.857812 0.902778 0.858594 0.904167 0.859375 0.904167 0.860156 0.905556 0.860938 0.905556 0.861719 0.906944 0.8625 0.906944 0.863281 0.908333 0.864062 0.908333 0.864844 0.909722 0.865625 0.909722 0.866406 0.911111 0.867188 0.911111 0.867969 0.9125 0.86875 0.9125 0.869531 0.913889 0.870312 0.913889 0.871094 0.915278 0.871875 0.915278 0.872656 0.916667 0.873438 0.916667 0.874219 0.918056 0.875781 0.918056 0.876562 0.919444 0.877344 0.919444 0.878125 0.920833 0.878906 0.920833 0.879688 0.922222 0.880469 0.922222 0.88125 0.923611 0.882031 0.923611 0.882812 0.925 0.883594 0.925 0.884375 0.926389 0.885156 0.926389 0.885938 0.927778 0.886719 0.927778 0.8875 0.929167 0.888281 0.929167 0.889062 0.930556 0.889844 0.930556 0.890625 0.931944 0.891406 0.931944 0.892188 0.933333 0.892969 0.933333 0.89375 0.934722 0.894531 0.934722 0.895312 0.936111 0.896094 0.936111 0.896875 0.9375 0.897656 0.9375 0.898438 0.938889 0.9 0.938889 0.900781 0.940278 0.901562 0.940278 0.902344 0.941667 0.903125 0.941667 0.903906 0.943056 0.904688 0.943056 0.905469 0.944444 0.90625 0.944444 0.907031 0.945833 0.907812 0.945833 0.908594 0.947222 0.909375 0.947222 0.910156 0.948611 0.910938 0.948611 0.911719 0.95 0.9125 0.95 0.913281 0.951389 0.914062 0.951389 0.914844 0.952778 0.915625 0.952778 0.916406 0.954167 0.917188 0.954167 0.917969 0.955556 0.91875 0.955556 0.919531 0.956944 0.920312 0.956944 0.921094 0.958333 0.921875 0.958333 0.922656 0.959722 0.923438 0.959722 0.924219 0.961111 0.925 0.961111 0.925781 0.9625 0.926562 0.9625 0.927344 0.963889 0.928125 0.963889 0.928906 0.965278 0.929688 0.965278 0.930469 0.966667 0.93125 0.966667 0.932031 0.968056 0.932812 0.968056 0.933594 0.969444 0.934375 0.969444 0.935156 0.970833 0.935938 0.970833 0.936719 0.972222 0.9375 0.972222 0.938281 0.973611 0.939062 0.973611 0.939844 0.975 0.940625 0.975 0.941406 0.976389 0.942188 0.976389 0.942969 0.977778 0.94375 0.977778 0.944531 0.979167 0.945312 0.979167 0.946094 0.980556 0.946875 0.980556 0.947656 0.981944 0.948438 0.981944 0.949219 0.983333 0.95 0.983333 0.950781 0.984722 0.951562 0.984722 0.952344 0.986111 0.953125 0.986111 0.953906 0.9875 0.954688 0.9875 0.955469 0.988889 0.95625 0.988889 0.957812 0.991667 0.958594 0.991667 0.959375 0.993056 0.960156 0.993056 0.960938 0.994444 0.961719 0.994444 0.9625 0.995833 0.963281 0.995833 0.964062 0.997222 0.964844 0.997222 0.965625 0.998611 0.999219 0.998611 0.999219 0.623611 0.997656 0.623611 0.995312 0.620833 0.996094 0.619444 0.999219 0.619444 0.999219 0.579167 0.99375 0.579167 0.992969 0.577778 0.99375 0.576389 0.999219 0.576389 0.999219 0.572222 0.998438 0.572222 0.997656 0.570833 0.984375 0.570833 0.983594 0.569444 0.971094 0.569444 0.970312 0.568056 0.957031 0.568056 0.95625 0.566667 0.957031 0.566667 0.95625 0.565278 0.942969 0.565278 0.942188 0.563889 0.928906 0.563889 0.928125 0.5625 0.914844 0.5625 0.914062 0.561111 0.900781 0.561111 0.9 0.559722 0.889062 0.559722 0.888281 0.558333 0.879688 0.558333 0.878906 0.556944 0.877344 0.556944 0.876562 0.555556 0.871094 0.555556 0.870312 0.556944 0.867188 0.556944 0.866406 0.555556 0.854688 0.555556 0.853906 0.554167 0.842188 0.554167 0.841406 0.552778 0.829688 0.552778 0.828906 0.551389 0.816406 0.551389 0.815625 0.55 0.803906 0.55 0.803125 0.548611 0.790625 0.548611 0.789844 0.547222 0.775 0.547222 0.774219 0.545833 0.633594 0.526389 0.628906 0.526389 0.627344 0.526389 0.684375 0.520833 0.613281 0.525 0.611719 0.522222 0.611719 0.520833 0.611719 0.522222 0.610938 0.523611 0.607812 0.523611 0.607031 0.522222 0.602344 0.522222 0.601562 0.520833 0.601562 0.519444 0.6 0.519444 0.6 0.520833 0.599219 0.522222 0.599219 0.523611 0.603906 0.523611 0.604688 0.525 0.613281 0.525 0.684375 0.520833 0.7125 0.520833 0.713281 0.522222 0.728906 0.522222 0.729688 0.520833 0.7375 0.520833 0.717969 0.520833 0.717188 0.522222 0.716406 0.522222 0.715625 0.520833 0.710156 0.520833 0.709375 0.519444 0.685156 0.519444 0.684375 0.520833 0.627344 0.526389 0.625781 0.526389 0.625 0.525 0.624219 0.525 0.623438 0.523611 0.623438 0.522222 0.622656 0.523611 0.620312 0.523611 0.619531 0.522222 0.61875 0.522222 0.617188 0.525 0.625 0.525 0.625781 0.526389 0.627344 0.526389 0.628906 0.526389 0.628906 0.525 0.630469 0.522222 0.632031 0.522222 0.632031 0.523611 0.633594 0.526389 0.774219 0.545833 0.760156 0.545833 0.759375 0.544444 0.745312 0.544444 0.744531 0.543056 0.739062 0.543056 0.738281 0.541667 0.736719 0.541667 0.735938 0.543056 0.720312 0.543056 0.719531 0.541667 0.699219 0.541667 0.705469 0.541667 0.70625 0.540278 0.708594 0.540278 0.709375 0.538889 0.708594 0.5375 0.707812 0.5375 0.707031 0.536111 0.703906 0.536111 0.702344 0.533333 0.701562 0.533333 0.700781 0.534722 0.700781 0.533333 0.7 0.531944 0.694531 0.531944 0.694531 0.530556 0.69375 0.529167 0.692969 0.529167 0.692188 0.530556 0.683594 0.530556 0.682812 0.529167 0.671875 0.529167 0.671094 0.527778 0.670312 0.527778 0.669531 0.529167 0.667188 0.529167 0.666406 0.527778 0.646094 0.527778 0.645312 0.526389 0.6375 0.526389 0.638281 0.525 0.641406 0.525 0.642188 0.523611 0.642188 0.522222 0.642969 0.523611 0.64375 0.523611 0.645312 0.526389 0.646094 0.526389 0.646875 0.527778 0.773438 0.525 0.776562 0.525 0.776562 0.522222 0.754688 0.522222 0.753906 0.523611 0.753125 0.523611 0.752344 0.522222 0.751562 0.523611 0.772656 0.523611 0.773438 0.525 0.646875 0.527778 0.647656 0.526389 0.649219 0.526389 0.65 0.525 0.652344 0.525 0.653125 0.523611 0.65625 0.523611 0.657031 0.525 0.657812 0.525 0.658594 0.526389 0.663281 0.526389 0.664062 0.525 0.669531 0.525 0.670312 0.526389 0.675 0.526389 0.675781 0.525 0.676562 0.526389 0.678125 0.526389 0.678906 0.525 0.685938 0.525 0.686719 0.526389 0.710938 0.526389 0.711719 0.527778 0.713281 0.527778 0.714062 0.526389 0.721094 0.526389 0.721875 0.527778 0.742188 0.527778 0.739062 0.527778 0.738281 0.529167 0.739062 0.530556 0.746875 0.530556 0.747656 0.529167 0.746875 0.527778 0.745312 0.527778 0.750781 0.527778 0.751562 0.529167 0.771094 0.529167 0.771875 0.530556 0.772656 0.530556 0.773438 0.529167 0.796875 0.529167 0.797656 0.527778 0.796094 0.525 0.786719 0.525 0.786719 0.523611 0.814844 0.523611 0.815625 0.525 0.865625 0.525 0.866406 0.526389 0.928906 0.526389 0.928906 0.534722 0.928125 0.534722 0.927344 0.536111 0.928125 0.5375 0.928906 0.5375 0.928906 0.538889 0.928125 0.540278 0.928906 0.541667 0.929688 0.541667 0.928125 0.541667 0.927344 0.543056 0.928125 0.544444 0.932812 0.544444 0.933594 0.543056 0.934375 0.544444 0.935938 0.544444 0.936719 0.543056 0.936719 0.540278 0.9375 0.540278 0.9375 0.544444 0.938281 0.545833 0.939062 0.545833 0.939844 0.547222 0.944531 0.547222 0.945312 0.545833 0.945312 0.544444 0.946094 0.543056 0.949219 0.543056 0.95 0.541667 0.949219 0.540278 0.946094 0.540278 0.958594 0.540278 0.959375 0.541667 0.9625 0.541667 0.963281 0.540278 0.969531 0.540278 0.969531 0.541667 0.971094 0.544444 0.977344 0.544444 0.978125 0.543056 0.978125 0.540278 0.979688 0.543056 0.98125 0.543056 0.982031 0.541667 0.982031 0.544444 0.978125 0.544444 0.977344 0.545833 0.978125 0.547222 0.982031 0.547222 0.982812 0.548611 0.990625 0.548611 0.991406 0.547222 0.991406 0.544444 0.992188 0.543056 0.992188 0.536111 0.991406 0.534722 0.991406 0.531944 0.992188 0.530556 0.991406 0.529167 0.990625 0.529167 0.991406 0.527778 0.991406 0.526389 0.990625 0.525 0.999219 0.525 0.998438 0.526389 0.999219 0.527778 0.999219 0.530556 0.997656 0.530556 0.996875 0.531944 0.997656 0.533333 0.999219 0.533333 0.999219 0.541667 0.998438 0.541667 0.997656 0.543056 0.998438 0.544444 0.999219 0.544444 0.999219 0.561111 0.990625 0.561111 0.989844 0.559722 0.988281 0.559722 0.9875 0.561111 0.979688 0.561111 0.978906 0.5625 0.971875 0.5625 0.971094 0.563889 0.967188 0.563889 0.966406 0.565278 0.967188 0.566667 0.988281 0.566667 0.989062 0.565278 0.996094 0.565278 0.996875 0.563889 0.999219 0.563889 0.999219 0.570833 0.998438 0.570833 0.997656 0.569444 0.984375 0.569444 0.983594 0.568056 0.971094 0.568056 0.970312 0.566667 0.957031 0.566667
